-3 -0.999977894851102
-2.95 -0.999969778789449
-2.9 -0.999958879780397
-2.85 -0.999944316482221
-2.8 -0.999924953891055
-2.75 -0.999899338666567
-2.7 -0.999865620514704
-2.65 -0.999821457347673
-2.6 -0.99976390176522
-2.55 -0.999689266267363
-2.5 -0.999592964536606
-2.45 -0.999469326139472
-2.4 -0.999311382118005
-2.35 -0.999110619198236
-2.3 -0.998856700762316
-2.25 -0.99853715334125
-2.2 -0.998137018211188
-2.15 -0.997638468739351
-2.1 -0.997020395440758
-2.05 -0.996257962280314
-2 -0.995322139581219
-1.95 -0.994179220961144
-1.9 -0.992790333976641
-1.85 -0.99111095656035
-1.8 -0.989090453811526
-1.75 -0.986671652155294
-1.7 -0.983790470207607
-1.65 -0.980375627741841
-1.6 -0.97634845580629
-1.55 -0.971622832137916
-1.5 -0.966105266402972
-1.45 -0.959695159321599
-1.4 -0.952285258268516
-1.35 -0.943762329377323
-1.3 -0.934008062438553
-1.25 -0.922900219942948
-1.2 -0.910314035506213
-1.15 -0.896123859704773
-1.1 -0.880205043203597
-1.05 -0.862436038182674
-1 -0.842700689747591
-0.950000000000003 -0.820890679578501
-0.900000000000003 -0.796908074913669
-0.850000000000003 -0.77066792749399
-0.800000000000002 -0.742100859742193
-0.750000000000002 -0.711155569636658
-0.700000000000002 -0.677801181856105
-0.650000000000002 -0.642029371155791
-0.600000000000002 -0.603856184849439
-0.550000000000002 -0.563323494878689
-0.500000000000002 -0.520500016304749
-0.450000000000002 -0.47548183808196
-0.400000000000002 -0.428392423467287
-0.350000000000002 -0.3793820510526
-0.300000000000002 -0.328626682729014
-0.250000000000002 -0.27632626135353
-0.200000000000002 -0.222702457858319
-0.150000000000002 -0.16799590434283
-0.100000000000002 -0.112462965622198
-0.0500000000000023 -0.0563721160936332
-2.28983498828939E-15 -1.00000219216412E-09
0.0499999999999977 0.0563721160936278
0.0999999999999977 0.112462965622193
0.149999999999998 0.167995904342825
0.199999999999998 0.222702457858313
0.249999999999998 0.276326261353525
0.299999999999998 0.32862668272901
0.349999999999998 0.379382051052596
0.399999999999998 0.428392423467282
0.449999999999998 0.475481838081955
0.499999999999998 0.520500016304745
0.549999999999998 0.563323494878686
0.599999999999998 0.603856184849435
0.649999999999998 0.642029371155787
0.699999999999998 0.677801181856101
0.749999999999998 0.711155569636655
0.799999999999998 0.742100859742191
0.849999999999998 0.770667927493987
0.899999999999998 0.796908074913667
0.949999999999998 0.820890679578499
0.999999999999998 0.842700689747589
1.05 0.862436038182672
1.1 0.880205043203595
1.15 0.896123859704771
1.2 0.910314035506212
1.25 0.922900219942947
1.3 0.934008062438552
1.35 0.943762329377322
1.4 0.952285258268515
1.45 0.959695159321598
1.5 0.966105266402972
1.55 0.971622832137916
1.6 0.97634845580629
1.65 0.980375627741841
1.7 0.983790470207606
1.75 0.986671652155294
1.8 0.989090453811526
1.85 0.99111095656035
1.9 0.992790333976641
1.95 0.994179220961144
2 0.995322139581219
2.05 0.996257962280314
2.1 0.997020395440758
2.15 0.997638468739351
2.2 0.998137018211188
2.25 0.99853715334125
2.3 0.998856700762316
2.35 0.999110619198236
2.4 0.999311382118005
2.45 0.999469326139472
2.5 0.999592964536606
2.55 0.999689266267363
2.6 0.99976390176522
2.65 0.999821457347673
2.7 0.999865620514704
2.75 0.999899338666567
2.8 0.999924953891055
2.85 0.999944316482221
2.9 0.999958879780397
2.95 0.999969778789449
3 0.999977894851102
