-4.9921875 -1.0810820487861
-4.9821875 -0.482510053014661
-4.9721875 -0.314563873231702
-4.9621875 -0.235595122007879
-4.9521875 -0.189779109689163
-4.9421875 -0.159915980095877
-4.9321875 -0.138951579256713
-4.9221875 -0.123458136733292
-4.9121875 -0.111569428537933
-4.9021875 -0.10218254986847
-4.8921875 -0.0946039191469013
-4.8821875 -0.0883755669454767
-4.8721875 -0.0831829719017273
-4.8621875 -0.0788030229651786
-4.8521875 -0.0750731052672082
-4.8421875 -0.0718719399650334
-4.8321875 -0.0691072751370328
-4.8221875 -0.0667077306946218
-4.8121875 -0.0646172490998115
-4.8021875 -0.0627912298142344
-4.7921875 -0.0611937803735609
-4.7821875 -0.0597957252771839
-4.7721875 -0.058573139889763
-4.7621875 -0.0575062548712937
-4.75218750000001 -0.0565786265289357
-4.74218750000001 -0.0557765009495779
-4.73218750000001 -0.0550883213282618
-4.72218750000001 -0.0545043424811902
-4.71218750000001 -0.0540163265492859
-4.70218750000001 -0.053617300889189
-4.69218750000001 -0.0533013640965203
-4.68218750000001 -0.0530635296541286
-4.67218750000001 -0.0528995992731731
-4.66218750000001 -0.0528060598853886
-4.65218750000001 -0.0527799996478072
-4.64218750000001 -0.0528190393730868
-4.63218750000001 -0.0529212765951098
-4.62218750000001 -0.0530852400886239
-4.61218750000001 -0.0533098531320436
-4.60218750000001 -0.0535944041694583
-4.59218750000001 -0.0539385238172324
-4.58218750000001 -0.0543421673914662
-4.57218750000001 -0.0548056023193762
-4.56218750000001 -0.0553293999511366
-4.55218750000001 -0.0559144314173101
-4.54218750000001 -0.0565618672871415
-4.53218750000001 -0.0572731808799211
-4.52218750000001 -0.0580501551696018
-4.51218750000001 -0.0588948933054825
-4.50218750000001 -0.0598098328522577
-4.49218750000001 -0.0607977639340528
-4.48218750000001 -0.0618618515521005
-4.47218750000001 -0.0630056624375213
-4.46218750000001 -0.0642331969024526
-4.45218750000001 -0.065548926268244
-4.44218750000001 -0.066957836582892
-4.43218750000001 -0.0684654794964786
-4.42218750000001 -0.0700780313494086
-4.41218750000001 -0.0718023617515497
-4.40218750000001 -0.0736461132008044
-4.39218750000001 -0.0756177936196654
-4.38218750000001 -0.077726884093971
-4.37218750000001 -0.0799839645999863
-4.36218750000001 -0.0824008611310328
-4.35218750000001 -0.0849908184183209
-4.34218750000001 -0.0877687034289779
-4.33218750000001 -0.0907512460793047
-4.32218750000001 -0.0939573252059946
-4.31218750000001 -0.0974083099046235
-4.30218750000001 -0.101128469025978
-4.29218750000001 -0.105145465127394
-4.28218750000002 -0.109490953800652
-4.27218750000002 -0.114201315450946
-4.26218750000002 -0.11931855486609
-4.25218750000002 -0.124891415128816
-4.24218750000002 -0.130976767805516
-4.23218750000002 -0.137641362686765
-4.22218750000002 -0.144964050341408
-4.21218750000002 -0.153038633451175
-4.20218750000002 -0.161977564607052
-4.19218750000002 -0.17191679886307
-4.18218750000002 -0.183022244720676
-4.17218750000002 -0.195498463354092
-4.16218750000002 -0.209600586412468
-4.15218750000002 -0.225650932810942
-4.14218750000002 -0.244062637860273
-4.13218750000002 -0.265374008128821
-4.12218750000002 -0.290299746709005
-4.11218750000002 -0.319809575279533
-4.10218750000002 -0.355253020202368
-4.09218750000002 -0.398565416043588
-4.08218750000002 -0.452624300320493
-4.07218750000002 -0.521902033427019
-4.06218750000002 -0.613748083181204
-4.05218750000002 -0.741145554150192
-4.04218750000002 -0.92938811613822
-4.03218750000002 -1.2352032485925
-4.02218750000002 -1.81758905135275
-4.01218750000002 -3.35738613141527
-4.00218750000002 -18.9851070006138
-3.99218750000002 5.39696429043904
-3.98218750000002 2.40395555475673
-3.97218750000002 1.56407055843541
-3.96218750000002 1.1690671694891
-3.95218750000002 0.939821734764182
-3.94218750000002 0.790334757880358
-3.93218750000002 0.68533524231541
-3.92218750000002 0.607684097402045
-3.91218750000002 0.548049952246289
-3.90218750000002 0.500918018683429
-3.89218750000002 0.462820110701556
-3.88218750000002 0.431466088246678
-3.87218750000002 0.405283035912497
-3.86218750000002 0.383155073223548
-3.85218750000002 0.364268782963769
-3.84218750000002 0.348017409299467
-3.83218750000002 0.333939311076259
-3.82218750000002 0.321677185108997
-3.81218750000003 0.310950318402521
-3.80218750000003 0.301535258923562
-3.79218750000003 0.29325206938394
-3.78218750000003 0.285954369973998
-3.77218750000003 0.279522006017691
-3.76218750000003 0.2738555681199
-3.75218750000003 0.268872241757987
-3.74218750000003 0.264502625596835
-3.73218750000003 0.260688265585591
-3.72218750000003 0.257379724760403
-3.71218750000003 0.254535058761469
-3.70218750000003 0.252118602024888
-3.69218750000003 0.250099994346645
-3.68218750000003 0.248453395252443
-3.67218750000003 0.247156846479131
-3.66218750000003 0.246191752321912
-3.65218750000003 0.245542454611535
-3.64218750000003 0.245195884339752
-3.63218750000003 0.24514127592791
-3.62218750000003 0.245369933172135
-3.61218750000003 0.245875038242447
-3.60218750000003 0.246651496938628
-3.59218750000003 0.247695814841944
-3.58218750000003 0.249006000144081
-3.57218750000003 0.250581489854619
-3.56218750000003 0.252423096839573
-3.55218750000003 0.254532975767482
-3.54218750000003 0.256914606568308
-3.53218750000003 0.259572794469211
-3.52218750000003 0.262513686081027
-3.51218750000003 0.265744801386823
-3.50218750000003 0.269275081844517
-3.49218750000003 0.273114955172495
-3.48218750000003 0.277276417753671
-3.47218750000003 0.281773135982293
-3.46218750000003 0.286620568303153
-3.45218750000003 0.291836110169886
-3.44218750000003 0.297439264695554
-3.43218750000003 0.303451842405787
-3.42218750000003 0.309898194257948
-3.41218750000003 0.316805482990651
-3.40218750000003 0.324203998956151
-3.39218750000003 0.332127527913857
-3.38218750000003 0.34061377989053
-3.37218750000003 0.349704890224485
-3.36218750000003 0.359448006415008
-3.35218750000003 0.369895977534962
-3.34218750000004 0.381108166920492
-3.33218750000004 0.393151413874162
-3.32218750000004 0.406101176538757
-3.31218750000004 0.420042896366814
-3.30218750000004 0.435073635337668
-3.29218750000004 0.451304051101452
-3.28218750000004 0.468860793728195
-3.27218750000004 0.487889432353049
-3.26218750000004 0.508558053068271
-3.25218750000004 0.531061714268013
-3.24218750000004 0.555628007174909
-3.23218750000004 0.582524054645839
-3.22218750000004 0.612065401300801
-3.21218750000004 0.644627418840051
-3.20218750000004 0.680660097272117
-3.19218750000004 0.720707455233691
-3.18218750000004 0.765433344092656
-3.17218750000004 0.815656245075038
-3.16218750000004 0.872396940758517
-3.15218750000004 0.936944982580786
-3.14218750000004 1.01095320776168
-3.13218750000004 1.09657515921462
-3.12218750000004 1.19666998713681
-3.11218750000004 1.31511693784453
-3.10218750000004 1.45731449881107
-3.09218750000004 1.63100441346546
-3.08218750000004 1.84769726096406
-3.07218750000004 2.12528293674542
-3.06218750000004 2.49315979164674
-3.05218750000004 3.00326075020668
-3.04218750000004 3.75676102570053
-3.03218750000004 4.98057109893063
-3.02218750000004 7.31068396248062
-3.01218750000004 13.4704626691143
-3.00218750000004 75.9819579232701
-2.99218750000004 -21.545693378296
-2.98218750000004 -9.57300176071915
-2.97218750000004 -6.21278152133968
-2.96218750000004 -4.63206332561263
-2.95218750000004 -3.71435171236491
-2.94218750000004 -3.11564780333252
-2.93218750000004 -2.69486667314291
-2.92218750000004 -2.38345097077968
-2.91218750000004 -2.14407417255399
-2.90218750000004 -1.95467603103161
-2.89218750000004 -1.80138264962152
-2.88218750000004 -1.67503225446541
-2.87218750000005 -1.56933190562264
-2.86218750000005 -1.47981673436575
-2.85218750000005 -1.40323165237341
-2.84218750000005 -1.33714813979294
-2.83218750000005 -1.27971805366517
-2.82218750000005 -1.2295105159589
-2.81218750000005 -1.18540091693521
-2.80218750000005 -1.14649359228852
-2.79218750000005 -1.11206683186699
-2.78218750000005 -1.0815330436861
-2.77218750000005 -1.05440941707492
-2.76218750000005 -1.03029599518614
-2.75218750000005 -1.00885906462134
-2.74218750000005 -0.989818419225702
-2.73218750000005 -0.972937486215265
-2.72218750000005 -0.958015594256647
-2.71218750000005 -0.944881863446128
-2.70218750000005 -0.933390336934045
-2.69218750000005 -0.923416072876781
-2.68218750000005 -0.914851986331127
-2.67218750000005 -0.907606282180107
-2.66218750000005 -0.901600357956422
-2.65218750000005 -0.89676708345158
-2.64218750000005 -0.893049384993702
-2.63218750000005 -0.89039907815942
-2.62218750000005 -0.888775904811956
-2.61218750000005 -0.888146739701396
-2.60218750000005 -0.88848493912862
-2.59218750000005 -0.889769809877549
-2.58218750000005 -0.891986181141128
-2.57218750000005 -0.895124065790046
-2.56218750000005 -0.899178400273212
-2.55218750000005 -0.904148854859049
-2.54218750000005 -0.910039707953673
-2.53218750000005 -0.916859779964213
-2.52218750000005 -0.92462242369351
-2.51218750000005 -0.933345569620775
-2.50218750000005 -0.94305182569733
-2.49218750000005 -0.953768632516432
-2.48218750000005 -0.965528475946597
-2.47218750000005 -0.9783691605935
-2.46218750000005 -0.992334148822049
-2.45218750000005 -1.00747297157708
-2.44218750000005 -1.0238417189442
-2.43218750000005 -1.04150362035708
-2.42218750000005 -1.06052972666209
-2.41218750000005 -1.08099970899213
-2.40218750000006 -1.10300279269859
-2.39218750000006 -1.12663884859525
-2.38218750000006 -1.15201966867346
-2.37218750000006 -1.17927045950383
-2.36218750000006 -1.20853159406841
-2.35218750000006 -1.23996067219293
-2.34218750000006 -1.27373495162952
-2.33218750000006 -1.31005422691874
-2.32218750000006 -1.34914425243228
-2.31218750000006 -1.39126083080988
-2.30218750000006 -1.43669472019152
-2.29218750000006 -1.48577755573547
-2.28218750000006 -1.53888903641465
-2.27218750000006 -1.59646570192763
-2.26218750000006 -1.65901172374353
-2.25218750000006 -1.72711226887087
-2.24218750000006 -1.80145017951226
-2.23218750000006 -1.88282696787544
-2.22218750000006 -1.97218948525375
-2.21218750000006 -2.07066413695507
-2.20218750000006 -2.17960125523334
-2.19218750000006 -2.30063332975355
-2.18218750000006 -2.43575241965458
-2.17218750000006 -2.58741454492367
-2.16218750000006 -2.75868270110447
-2.15218750000006 -2.95342626227846
-2.14218750000006 -3.17660453251321
-2.13218750000006 -3.434679006502
-2.12218750000006 -3.73622807546304
-2.11218750000006 -4.09289049499726
-2.10218750000006 -4.52086282177953
-2.09218750000006 -5.04337145976156
-2.08218750000006 -5.69494940152616
-2.07218750000006 -6.52926767223063
-2.06218750000006 -7.63452274948061
-2.05218750000006 -9.16651492101765
-2.04218750000006 -11.4287714328674
-2.03218750000006 -15.1020254290287
-2.02218750000006 -22.0942576878382
-2.01218750000006 -40.5755592710507
-2.00218750000006 -228.11208430055
-1.99218750000006 64.4687544055429
-1.98218750000006 28.548486188328
-1.97218750000006 18.4655515779704
-1.96218750000006 13.7210400823454
-1.95218750000006 10.9654626958518
-1.94218750000006 9.16682002137058
-1.93218750000006 7.90185437315848
-1.92218750000006 6.96489063367694
-1.91218750000006 6.24394600438591
-1.90218750000006 5.67283634381064
-1.89218750000006 5.20993638195312
-1.88218750000006 4.82775702591774
-1.87218750000006 4.50741548268115
-1.86218750000006 4.23551295939302
-1.85218750000006 4.00227977850423
-1.84218750000006 3.80042572856815
-1.83218750000006 3.62440147511518
-1.82218750000006 3.46990920925806
-1.81218750000006 3.33356964109399
-1.80218750000006 3.21269001314123
-1.79218750000006 3.10509910710382
-1.78218750000006 3.00902771498061
-1.77218750000006 2.92302060589757
-1.76218750000006 2.84587071920338
-1.75218750000006 2.77656930691271
-1.74218750000006 2.71426769647061
-1.73218750000006 2.65824763811889
-1.72218750000006 2.60789807549063
-1.71218750000006 2.5626967790154
-1.70218750000006 2.52219570108408
-1.69218750000006 2.48600920869806
-1.68218750000006 2.45380456208762
-1.67218750000006 2.42529416216324
-1.66218750000006 2.40022920294718
-1.65218750000006 2.37839444914181
-1.64218750000006 2.35960392191313
-1.63218750000006 2.34369732354281
-1.62218750000006 2.33053706789917
-1.61218750000006 2.3200058116138
-1.60218750000006 2.31200440253882
-1.59218750000006 2.30645017904201
-1.58218750000006 2.3032755671154
-1.57218750000006 2.3024269329744
-1.56218750000006 2.30386365745007
-1.55218750000006 2.30755740551063
-1.54218750000006 2.31349157006353
-1.53218750000006 2.32166087407817
-1.52218750000006 2.33207111925952
-1.51218750000006 2.34473907318172
-1.50218750000006 2.35969249011207
-1.49218750000006 2.37697026384958
-1.48218750000006 2.39662271388873
-1.47218750000006 2.41871200920477
-1.46218750000006 2.44331273705282
-1.45218750000006 2.4705126274892
-1.44218750000006 2.50041344798407
-1.43218750000006 2.53313208663728
-1.42218750000006 2.56880184729936
-1.41218750000006 2.60757398553448
-1.40218750000006 2.64961952108565
-1.39218750000006 2.69513137062397
-1.38218750000006 2.74432685446808
-1.37218750000006 2.79745064315427
-1.36218750000006 2.85477822486349
-1.35218750000006 2.91661999362384
-1.34218750000006 2.98332608201979
-1.33218750000006 3.05529209234208
-1.32218750000006 3.13296591869512
-1.31218750000006 3.21685590223823
-1.30218750000006 3.30754062614093
-1.29218750000006 3.40568074103743
-1.28218750000006 3.51203332279259
-1.27218750000006 3.62746941209871
-1.26218750000006 3.7529955838061
-1.25218750000006 3.88978066304765
-1.24218750000006 4.03918907437518
-1.23218750000006 4.20282282235448
-1.22218750000006 4.38257482176234
-1.21218750000006 4.58069732047035
-1.20218750000006 4.79989063925921
-1.19218750000006 5.04341962756917
-1.18218750000006 5.31526848326503
-1.17218750000006 5.62034953180141
-1.16218750000006 5.96478925279439
-1.15218750000006 6.35632708384749
-1.14218750000006 6.80488252199321
-1.13218750000006 7.32337964417607
-1.12218750000006 7.92897651889683
-1.11218750000006 8.64495214240216
-1.10218750000006 9.50370131315982
-1.09218750000006 10.5516787259701
-1.08218750000006 11.8579524569905
-1.07218750000006 13.5298668545507
-1.06218750000006 15.7438173824449
-1.05218750000006 18.8114073394764
-1.04218750000006 23.3396941605596
-1.03218750000006 30.6901473015555
-1.02218750000006 44.6787317181271
-1.01218750000006 81.6456331707242
-1.00218750000006 456.723163785723
-0.992187500000063 -128.433846667283
-0.982187500000063 -56.5884524664259
-0.972187500000063 -36.4175300026788
-0.962187500000063 -26.9232533365773
-0.952187500000063 -21.4066392065585
-0.942187500000063 -17.803683260256
-0.932187500000063 -15.2678642466375
-0.922187500000063 -13.3878257149212
-0.912187500000063 -11.939595500262
-0.902187500000063 -10.7907983827426
-0.892187500000063 -9.85817649772716
-0.882187500000063 -9.08674392721981
-0.872187500000063 -8.43872692398232
-0.862187500000063 -7.88731928906991
-0.852187500000063 -7.4129725772485
-0.842187500000063 -7.00109677184684
-0.832187500000063 -6.64058307768779
-0.822187500000063 -6.32282518724514
-0.812187500000063 -6.04105323397021
-0.802187500000063 -5.78986978305814
-0.792187500000063 -5.5649198060128
-0.782187500000063 -5.36265158079218
-0.772187500000063 -5.18014058001426
-0.762187500000063 -5.01495780799636
-0.752187500000063 -4.86507003245628
-0.742187500000063 -4.72876325244509
-0.732187500000063 -4.60458333065422
-0.722187500000063 -4.49128946688419
-0.712187500000063 -4.38781739132057
-0.702187500000063 -4.2932499949392
-0.692187500000063 -4.20679370784389
-0.682187500000063 -4.12775936178692
-0.672187500000063 -4.05554658179248
-0.662187500000063 -3.98963097827393
-0.652187500000063 -3.92955357894163
-0.642187500000063 -3.87491206551685
-0.632187500000063 -3.82535347527017
-0.622187500000063 -3.78056809983282
-0.612187500000063 -3.74028436941127
-0.602187500000062 -3.7042645536928
-0.592187500000062 -3.67230114444361
-0.582187500000062 -3.64421381134556
-0.572187500000062 -3.61984684368582
-0.562187500000062 -3.59906700737292
-0.552187500000062 -3.58176176036617
-0.542187500000062 -3.56783778070749
-0.532187500000062 -3.55721977050179
-0.522187500000062 -3.54984950684799
-0.512187500000062 -3.54568511722713
-0.502187500000062 -3.54470056249038
-0.492187500000062 -3.5468853155882
-0.482187500000062 -3.5522442287421
-0.472187500000062 -3.56079758605131
-0.462187500000062 -3.57258134270957
-0.452187500000062 -3.58764755623215
-0.442187500000062 -3.60606501951468
-0.432187500000062 -3.62792011033098
-0.422187500000062 -3.65331787720624
-0.412187500000062 -3.68238338769714
-0.402187500000062 -3.71526337222247
-0.392187500000062 -3.75212820504073
-0.382187500000062 -3.79317427416027
-0.372187500000062 -3.83862680440343
-0.362187500000062 -3.88874321318143
-0.352187500000062 -3.94381709762841
-0.342187500000062 -4.00418297571114
-0.332187500000062 -4.07022193426717
-0.322187500000062 -4.14236837562491
-0.312187500000062 -4.22111810421846
-0.302187500000062 -4.3070380591031
-0.292187500000062 -4.40077808255954
-0.282187500000062 -4.50308522606835
-0.272187500000062 -4.61482124270459
-0.262187500000062 -4.73698411343549
-0.252187500000062 -4.87073472401022
-0.242187500000062 -5.01743017832569
-0.232187500000062 -5.17866574642018
-0.222187500000062 -5.35632816497295
-0.212187500000062 -5.55266403315794
-0.202187500000062 -5.77036852788477
-0.192187500000062 -6.01270183724295
-0.182187500000062 -6.28364396006025
-0.172187500000062 -6.58810346680887
-0.162187500000062 -6.93220350973238
-0.152187500000062 -7.32368061192099
-0.142187500000062 -7.77245175558958
-0.132187500000062 -8.29143889089113
-0.122187500000062 -8.89779833730007
-0.112187500000062 -9.61480771087851
-0.102187500000062 -10.474860791099
-0.0921875000000621 -11.5244116085212
-0.0821875000000621 -12.8325279245502
-0.0721875000000621 -14.5065541181146
-0.0621875000000621 -16.7228860259168
-0.0521875000000621 -19.7931276600067
-0.0421875000000621 -24.3243375079601
-0.0321875000000621 -31.6779864178268
-0.0221875000000621 -45.6700410781275
-0.0121875000000621 -82.6406893250024
-0.00218750000006209 -457.722245706687
0.00781249999993791 127.430455024988
0.0178124999999379 55.5804696922064
0.0278124999999379 35.4046668359448
0.0378124999999379 25.905217371553
0.0478124999999379 20.3831339173324
0.0578124999999379 16.77440753238
0.0678124999999379 14.2325119572222
0.0778124999999379 12.3460853140831
0.0878124999999379 10.8911495832842
0.0978124999999379 9.73532324889878
0.107812499999938 8.79534169335723
0.117812499999938 8.01621177110957
0.127812499999938 7.3601520132087
0.137812499999938 6.80034798345064
0.147812499999938 6.31724246045301
0.157812499999938 5.8962360871119
0.167812499999938 5.52621013594177
0.177812499999938 5.19854774528606
0.187812499999938 4.90646784016378
0.197812499999938 4.64456108782151
0.207812499999938 4.40845983412761
0.217812499999938 4.19459896234334
0.227812499999938 4.00003973647735
0.237812499999938 3.82233808969191
0.247812499999938 3.65944480325268
0.257812499999938 3.5096289172161
0.267812499999938 3.37141830058135
0.277812499999938 3.24355305722959
0.287812499999938 3.12494864578067
0.297812499999938 3.0146664301118
0.307812499999938 2.91188997069918
0.317812499999938 2.81590579231262
0.327812499999938 2.72608767217786
0.337812499999938 2.64188371909317
0.347812499999938 2.56280568178262
0.357812499999938 2.48842005035854
0.367812499999938 2.41834060962493
0.377812499999938 2.35222217521669
0.387812499999938 2.28975529906199
0.397812499999938 2.23066177359251
0.407812499999938 2.17469079758926
0.417812499999938 2.12161569280502
0.427812499999938 2.07123108123534
0.437812499999938 2.02335044937951
0.447812499999938 1.97780403899195
0.457812499999938 1.93443701439704
0.467812499999938 1.89310786497824
0.477812499999938 1.85368700838304
0.487812499999938 1.81605556563616
0.497812499999938 1.78010428398342
0.507812499999938 1.74573258709788
0.517812499999938 1.71284773542663
0.527812499999938 1.68136408206761
0.537812499999938 1.65120241173862
0.547812499999938 1.62228935221813
0.557812499999938 1.59455684915996
0.567812499999938 1.56794169646649
0.577812499999938 1.54238511548697
0.587812499999938 1.5178323772241
0.597812499999938 1.49423246251058
0.607812499999938 1.47153775578071
0.617812499999938 1.44970376862842
0.627812499999938 1.42868888982894
0.637812499999938 1.40845415891787
0.647812499999938 1.38896306078046
0.657812499999938 1.37018133901401
0.667812499999938 1.3520768260938
0.677812499999938 1.33461928860638
0.687812499999938 1.31778028601495
0.697812499999938 1.30153304159864
0.707812499999938 1.28585232436056
0.717812499999938 1.27071434083364
0.727812499999938 1.25609663583179
0.737812499999938 1.24197800129642
0.747812499999938 1.22833839247989
0.757812499999938 1.21515885078723
0.767812499999938 1.20242143266856
0.777812499999938 1.19010914401671
0.787812499999938 1.17820587958042
0.797812499999938 1.16669636695239
0.807812499999938 1.15556611473508
0.817812499999938 1.1448013645262
0.827812499999938 1.13438904640039
0.837812499999938 1.12431673759443
0.847812499999938 1.11457262413105
0.857812499999938 1.10514546514116
0.867812499999938 1.09602455966641
0.877812499999938 1.08719971574375
0.887812499999938 1.07866122159208
0.897812499999939 1.07039981873634
0.907812499999939 1.06240667691962
0.917812499999939 1.05467337066651
0.927812499999939 1.04719185737284
0.937812499999939 1.03995445680762
0.947812499999939 1.03295383192271
0.957812499999939 1.02618297087423
0.967812499999939 1.01963517016808
0.977812499999939 1.01330401884874
0.987812499999939 1.00718338365728
0.997812499999939 1.0012673950904
1.00781249999994 0.995550429874811
1.01781249999994 0.990027116388974
1.02781249999994 0.984692296372516
1.03781249999994 0.979541031860241
1.04781249999994 0.974568590421187
1.05781249999994 0.969770435464681
1.06781249999994 0.965142217098247
1.07781249999994 0.960679763501324
1.08781249999994 0.956379072781462
1.09781249999994 0.952236305282307
1.10781249999994 0.948247776314529
1.11781249999994 0.944409949283347
1.12781249999994 0.940719429187786
1.13781249999994 0.937172956468867
1.14781249999994 0.933767401185318
1.15781249999994 0.93049975749698
1.16781249999994 0.927367138437385
1.17781249999994 0.924366770958353
1.18781249999994 0.921495991230456
1.19781249999994 0.918752240184404
1.20781249999994 0.916133059279369
1.21781249999994 0.913636086485148
1.22781249999994 0.911259052465996
1.23781249999994 0.90899977695462
1.24781249999994 0.906856165305826
1.25781249999994 0.904826205219558
1.26781249999994 0.902907963624231
1.27781249999994 0.901099583711393
1.28781249999994 0.899399282113558
1.29781249999994 0.897805346217483
1.30781249999994 0.896316131605661
1.31781249999994 0.894930059619179
1.32781249999994 0.893645615035638
1.33781249999994 0.892461343855995
1.34781249999994 0.89137585119486
1.35781249999994 0.890387799268761
1.36781249999994 0.889495905477518
1.37781249999994 0.888698940573915
1.38781249999994 0.887995726917336
1.39781249999994 0.887385136807131
1.40781249999994 0.886866090891732
1.41781249999994 0.886437556649965
1.42781249999994 0.886098546940866
1.43781249999994 0.885848118618842
1.44781249999994 0.885685371210959
1.45781249999994 0.885609445653524
1.46781249999994 0.885619523085015
1.47781249999994 0.885714823692908
1.48781249999994 0.885894605611779
1.49781249999994 0.886158163870386
1.50781249999994 0.886504829385533
1.51781249999994 0.886933968000495
1.52781249999994 0.887444979566203
1.53781249999994 0.888037297063074
1.54781249999994 0.888710385761895
1.55781249999994 0.889463742421938
1.56781249999994 0.89029689452478
1.57781249999994 0.891209399542221
1.58781249999994 0.892200844236944
1.59781249999994 0.893270843994517
1.60781249999994 0.894419042185372
1.61781249999994 0.895645109555656
1.62781249999994 0.896948743645645
1.63781249999994 0.898329668234714
1.64781249999994 0.899787632811762
1.65781249999994 0.901322412070065
1.66781249999994 0.902933805425688
1.67781249999994 0.904621636558433
1.68781249999994 0.906385752974574
1.69781249999994 0.908226025590476
1.70781249999994 0.910142348336378
1.71781249999994 0.912134637779567
1.72781249999994 0.914202832766248
1.73781249999994 0.916346894081445
1.74781249999994 0.918566804126292
1.75781249999994 0.920862566612125
1.76781249999994 0.923234206270759
1.77781249999994 0.925681768580419
1.78781249999994 0.928205319506873
1.79781249999994 0.930804945259127
1.80781249999994 0.93348075205936
1.81781249999994 0.93623286592651
1.82781249999994 0.939061432473254
1.83781249999994 0.941966616715763
1.84781249999994 0.944948602896035
1.85781249999994 0.948007594316338
1.86781249999994 0.951143813185436
1.87781249999994 0.954357500476244
1.88781249999994 0.95764891579465
1.89781249999994 0.961018337259154
1.90781249999994 0.964466061391023
1.91781249999994 0.967992403014789
1.92781249999994 0.97159769516867
1.93781249999994 0.975282289024834
1.94781249999994 0.979046553819178
1.95781249999994 0.982890876790407
1.96781249999994 0.986815663128233
1.97781249999994 0.990821335930471
1.98781249999994 0.994908336168897
1.99781249999994 0.999077122663574
2.00781249999994 1.00332816760815
2.01781249999994 1.0076619743996
2.02781249999994 1.01207905086531
2.03781249999994 1.0165799271274
2.04781249999994 1.02116515115064
2.05781249999994 1.02583528876492
2.06781249999994 1.03059092369516
2.07781249999994 1.03543265759871
2.08781249999994 1.04036111011003
2.09781249999994 1.04537691889267
2.10781249999994 1.05048073969838
2.11781249999994 1.05567324643323
2.12781249999994 1.06095513123079
2.13781249999994 1.06632710453218
2.14781249999994 1.07178989517297
2.15781249999994 1.07734425047692
2.16781249999994 1.08299093635635
2.17781249999994 1.08873073741933
2.18781249999994 1.09456445708337
2.19781249999994 1.10049291769582
2.20781249999993 1.10651696066081
2.21781249999993 1.11263744657264
2.22781249999993 1.11885525535585
2.23781249999993 1.12517128641158
2.24781249999993 1.13158645877062
2.25781249999993 1.13810171125266
2.26781249999993 1.14471800263229
2.27781249999993 1.15143631181116
2.28781249999993 1.15825763799681
2.29781249999993 1.16518300088782
2.30781249999993 1.17221344086547
2.31781249999993 1.17935001919185
2.32781249999993 1.18659381821445
2.33781249999993 1.19394594157729
2.34781249999993 1.20140751443852
2.35781249999993 1.20897968369456
2.36781249999993 1.2166636182109
2.37781249999993 1.22446050905944
2.38781249999993 1.23237156976241
2.39781249999993 1.24039803654316
2.40781249999993 1.24854116858346
2.41781249999993 1.25680224828772
2.42781249999993 1.26518258155395
2.43781249999993 1.27368349805159
2.44781249999993 1.28230635150631
2.45781249999993 1.29105251999172
2.46781249999993 1.29992340622816
2.47781249999993 1.30892043788861
2.48781249999993 1.31804506791171
2.49781249999993 1.32729877482205
2.50781249999993 1.33668306305781
2.51781249999993 1.34619946330569
2.52781249999993 1.35584953284343
2.53781249999993 1.36563485588974
2.54781249999993 1.37555704396201
2.55781249999993 1.38561773624162
2.56781249999993 1.39581859994706
2.57781249999993 1.40616133071514
2.58781249999993 1.41664765298991
2.59781249999993 1.42727932041992
2.60781249999993 1.4380581162636
2.61781249999993 1.44898585380295
2.62781249999993 1.46006437676561
2.63781249999993 1.4712955597556
2.64781249999993 1.48268130869256
2.65781249999993 1.49422356125983
2.66781249999993 1.50592428736145
2.67781249999992 1.51778548958812
2.68781249999992 1.52980920369232
2.69781249999992 1.54199749907275
2.70781249999992 1.55435247926815
2.71781249999992 1.56687628246064
2.72781249999992 1.57957108198886
2.73781249999992 1.59243908687083
2.74781249999992 1.60548254233691
2.75781249999992 1.61870373037281
2.76781249999992 1.63210497027295
2.77781249999992 1.6456886192043
2.78781249999992 1.6594570727808
2.79781249999992 1.6734127656486
2.80781249999992 1.68755817208222
2.81781249999992 1.70189580659196
2.82781249999992 1.71642822454244
2.83781249999992 1.73115802278285
2.84781249999992 1.74608784028875
2.85781249999992 1.76122035881574
2.86781249999992 1.77655830356533
2.87781249999992 1.79210444386296
2.88781249999992 1.80786159384851
2.89781249999992 1.82383261317954
2.90781249999992 1.84002040774748
2.91781249999992 1.85642793040671
2.92781249999992 1.87305818171726
2.93781249999992 1.88991421070085
2.94781249999992 1.90699911561082
2.95781249999992 1.92431604471612
2.96781249999992 1.94186819709942
2.97781249999992 1.95965882346989
2.98781249999992 1.97769122699065
2.99781249999992 1.99596876412122
3.00781249999992 2.01449483652563
3.01781249999992 2.03327292771807
3.02781249999992 2.05230655033272
3.03781249999992 2.0715992827492
3.04781249999992 2.09115476109056
3.05781249999992 2.11097668016146
3.06781249999992 2.13106879440331
3.07781249999992 2.15143491886672
3.08781249999992 2.17207893020149
3.09781249999992 2.19300476766442
3.10781249999992 2.21421643414539
3.11781249999992 2.23571799721177
3.12781249999992 2.2575135901719
3.13781249999992 2.27960741315758
3.14781249999991 2.30200373422607
3.15781249999991 2.32470689048211
3.16781249999991 2.34772128921988
3.17781249999991 2.37105140908591
3.18781249999991 2.39470180126259
3.19781249999991 2.41867709067322
3.20781249999991 2.44298197720881
3.21781249999991 2.46762123697675
3.22781249999991 2.49259972357232
3.23781249999991 2.5179223693728
3.24781249999991 2.5435941868552
3.25781249999991 2.56962026993753
3.26781249999991 2.5960057953444
3.27781249999991 2.62275602399723
3.28781249999991 2.64987630242943
3.29781249999991 2.6773720642274
3.30781249999991 2.70524883149719
3.31781249999991 2.73351221635795
3.32781249999991 2.76216792246217
3.33781249999991 2.79122174654351
3.34781249999991 2.82067957999252
3.35781249999991 2.85054741046092
3.36781249999991 2.88083132349487
3.37781249999991 2.91153750419774
3.38781249999991 2.94267223892314
3.39781249999991 2.97424191699848
3.40781249999991 3.0062530324797
3.41781249999991 3.03871218593799
3.42781249999991 3.07162608627879
3.43781249999991 3.10500155259373
3.44781249999991 3.13884551604638
3.45781249999991 3.17316502179198
3.46781249999991 3.20796723093228
3.47781249999991 3.24325942250571
3.48781249999991 3.27904899551392
3.49781249999991 3.31534347098503
3.50781249999991 3.35215049407449
3.51781249999991 3.38947783620419
3.52781249999991 3.42733339724058
3.53781249999991 3.4657252077125
3.54781249999991 3.50466143106929
3.55781249999991 3.54415036598032
3.56781249999991 3.58420044867639
3.57781249999991 3.62482025533394
3.58781249999991 3.66601850450275
3.59781249999991 3.70780405957818
3.60781249999991 3.75018593131847
3.6178124999999 3.79317328040831
3.6278124999999 3.83677542006917
3.6378124999999 3.88100181871761
3.6478124999999 3.92586210267231
3.6578124999999 3.97136605891069
3.6678124999999 4.01752363787626
3.6778124999999 4.06434495633748
3.6878124999999 4.11184030029906
3.6978124999999 4.16002012796702
3.7078124999999 4.20889507276806
3.7178124999999 4.25847594642483
3.7278124999999 4.30877374208749
3.7378124999999 4.35979963752331
3.7478124999999 4.41156499836489
3.7578124999999 4.46408138141852
3.7678124999999 4.51736053803334
3.7778124999999 4.57141441753319
3.7878124999999 4.62625517071148
3.7978124999999 4.68189515339097
3.8078124999999 4.73834693004938
3.8178124999999 4.79562327751213
3.8278124999999 4.85373718871365
3.8378124999999 4.91270187652821
3.8478124999999 4.97253077767203
3.8578124999999 5.03323755667783
3.8678124999999 5.09483610994318
3.8778124999999 5.15734056985409
3.8878124999999 5.22076530898536
3.8978124999999 5.28512494437908
3.9078124999999 5.35043434190293
3.9178124999999 5.41670862068955
3.9278124999999 5.48396315765877
3.9378124999999 5.55221359212427
3.9478124999999 5.62147583048623
3.9578124999999 5.69176605101159
3.9678124999999 5.76310070870382
3.9778124999999 5.83549654026362
3.9878124999999 5.90897056914267
3.9978124999999 5.98354011069182
4.0078124999999 6.0592227504869
4.0178124999999 6.1360364571789
4.0278124999999 6.21399942692895
4.0378124999999 6.29313019612622
4.0478124999999 6.37344762028598
4.0578124999999 6.45497087980586
4.0678124999999 6.53771948583005
4.0778124999999 6.62171328622411
4.0878124999999 6.70697247166242
4.0978124999999 6.79351758183009
4.10781249999989 6.88136951174207
4.11781249999989 6.97054951818144
4.12781249999989 7.06107922625916
4.13781249999989 7.1529806360981
4.14781249999989 7.24627612964313
4.15781249999989 7.3409884776001
4.16781249999989 7.43714084650646
4.17781249999989 7.53475680593538
4.18781249999989 7.63386033583697
4.19781249999989 7.73447583401805
4.20781249999989 7.83662812376469
4.21781249999989 7.94034246160884
4.22781249999989 8.04564454524281
4.23781249999989 8.15256052158442
4.24781249999989 8.2611169949952
4.25781249999989 8.3713410356554
4.26781249999989 8.48326018809843
4.27781249999989 8.59690247990791
4.28781249999989 8.71229643058079
4.29781249999989 8.82947106055943
4.30781249999989 8.94845590043633
4.31781249999989 9.06928100033461
4.32781249999989 9.19197693946815
4.33781249999989 9.31657483588428
4.34781249999989 9.4431063563932
4.35781249999989 9.5716037266878
4.36781249999989 9.70209974165703
4.37781249999989 9.83462777589738
4.38781249999989 9.96922179442628
4.39781249999989 10.1059163636008
4.40781249999989 10.2447466622467
4.41781249999989 10.3857484930006
4.42781249999989 10.5289582938719
4.43781249999989 10.6744131500255
4.44781249999989 10.8221508057931
4.45781249999989 10.9722096769144
4.46781249999989 11.1246288630167
4.47781249999989 11.2794481603325
4.48781249999989 11.4367080746653
4.49781249999989 11.5964498346042
4.50781249999989 11.7587154049949
4.51781249999989 11.9235475006714
4.52781249999989 12.0909896004521
4.53781249999989 12.2610859614098
4.54781249999989 12.4338816334148
4.55781249999989 12.6094224739637
4.56781249999989 12.7877551632925
4.57781249999988 12.9689272197863
4.58781249999988 13.1529870156856
4.59781249999988 13.3399837931003
4.60781249999988 13.5299676803342
4.61781249999988 13.7229897085265
4.62781249999988 13.9191018286189
4.63781249999988 14.1183569286528
4.64781249999988 14.3208088514035
4.65781249999988 14.5265124123584
4.66781249999988 14.7355234180472
4.67781249999988 14.9478986847291
4.68781249999988 15.1636960574458
4.69781249999988 15.3829744294471
4.70781249999988 15.6057937619969
4.71781249999988 15.8322151045666
4.72781249999988 16.0623006154246
4.73781249999988 16.2961135826292
4.74781249999988 16.5337184454336
4.75781249999988 16.7751808161108
4.76781249999988 17.0205675022077
4.77781249999988 17.2699465292362
4.78781249999988 17.5233871638096
4.79781249999988 17.7809599372366
4.80781249999988 18.0427366695776
4.81781249999988 18.3087904941758
4.82781249999988 18.5791958826719
4.83781249999988 18.8540286705123
4.84781249999988 19.13336608296
4.85781249999988 19.4172867616201
4.86781249999988 19.7058707914885
4.87781249999988 19.9991997285362
4.88781249999988 20.2973566278385
4.89781249999988 20.6004260722613
4.90781249999988 20.9084942017163
4.91781249999988 21.221648742994
4.92781249999988 21.5399790401903
4.93781249999988 21.8635760857356
4.94781249999988 22.1925325520401
4.95781249999988 22.5269428237681
4.96781249999988 22.8669030307525
4.97781249999988 23.212511081566
4.98781249999988 23.5638666977578
