1 4 1 4.6324 1.83277316403462E-09
2 7 2 0.1075 7.42344090342006E-05
3 10 3 0.0927 1.15795333368365E-06
4 10 3 0.092 3.33729860046433E-05
5 13 4 0.0922 1.01705218601909E-07
6 13 4 0.0923 2.28225193053895E-06
7 13 4 0.0947 2.21189633231404E-05
8 16 5 0.093 4.33936908677224E-08
9 16 5 0.0924 7.22474979157705E-07
10 16 5 0.0928 6.64953070003464E-06
11 19 6 0.0935 6.57326921833013E-09
12 19 6 0.0939 1.26583621162423E-07
13 19 6 0.0936 1.39360476978485E-06
14 19 6 0.0935 9.83725510221962E-06
15 22 7 0.1092 1.47937123322496E-08
16 22 7 0.0979 2.18517919983475E-07
17 22 7 0.0951 1.99990624225763E-06
18 25 8 0.0954 1.17914511806392E-09
19 25 8 0.0955 2.55324603036603E-08
20 25 8 0.0955 3.22901311117316E-07
21 25 8 0.095 2.63019014453704E-06
22 28 9 0.0976 2.14901185641699E-09
23 28 9 0.0971 4.00900230175644E-08
24 28 9 0.0967 4.5165344836189E-07
25 28 9 0.0963 3.35976872848421E-06
26 31 10 0.1004 3.66274187412138E-09
27 31 10 0.0972 6.04241295933184E-08
28 31 10 0.0992 6.1713932108309E-07
29 31 10 0.098 4.24270772477471E-06
30 34 11 0.1071 6.02261477972921E-09
31 34 11 0.0996 8.90544742535679E-08
32 34 11 0.0988 8.3243977032641E-07
33 34 11 0.099 5.32476728728822E-06
34 37 12 0.1032 9.66819916101097E-09
35 37 12 0.0997 1.29227228062747E-07
36 37 12 0.099 1.11241093851763E-06
37 40 13 0.1008 7.48648021766826E-10
38 40 13 0.1013 1.52295689831535E-08
39 40 13 0.1046 1.85141757595551E-07
40 40 13 0.1013 1.47452091464082E-06
41 43 14 0.1024 1.2952766000973E-09
42 43 14 0.1032 2.35976208612585E-08
43 43 14 0.1051 2.6220697128325E-07
44 43 14 0.101 1.93949276413582E-06
45 46 15 0.1027 2.19525078218046E-09
46 46 15 0.1033 3.60146014144287E-08
47 46 15 0.1021 3.67327171464907E-07
48 46 15 0.1025 2.53184558603492E-06
49 49 16 0.1029 3.65013744106245E-09
50 49 16 0.1061 5.41875367405108E-08
51 49 16 0.103 5.09219354287159E-07
52 49 16 0.1023 3.28037254147056E-06
53 52 17 0.1034 5.96108417042701E-09
54 52 17 0.1027 8.04285396639235E-08
55 52 17 0.1052 6.98761507108644E-07
56 55 18 0.1054 4.62871151004773E-10
57 55 18 0.1059 9.57006082074803E-09
58 55 18 0.1085 1.17824925462834E-07
59 55 18 0.105 9.49370976452645E-07
60 58 19 0.1065 8.14265009239953E-10
61 58 19 0.1143 1.51148268479347E-08
62 58 19 0.1067 1.70441586101089E-07
63 58 19 0.1059 1.27740293544865E-06
64 61 20 0.108 1.40392007264707E-09
65 61 20 0.1083 2.35003967227559E-08
66 61 20 0.1072 2.43558282597451E-07
67 61 20 0.1066 1.70256683791883E-06
68 64 21 0.1228 2.37434702408359E-09
69 64 21 0.1089 3.59904915298956E-08
70 64 21 0.1079 3.43941410159682E-07
71 64 21 0.1086 2.2483470588183E-06
72 67 22 0.1099 3.94184863232207E-09
73 67 22 0.1564 5.43223063146717E-08
74 67 22 0.1116 4.80150359191449E-07
75 70 23 0.1457 3.02193713242282E-10
76 70 23 0.1114 6.42877818890377E-09
77 70 23 0.11 8.08477959749868E-08
78 70 23 0.1137 6.62876081669017E-07
79 73 24 0.1115 5.39908755991373E-10
80 73 24 0.1115 1.03069043968032E-08
81 73 24 0.1109 1.18704385688377E-07
82 73 24 0.112 9.05305431182388E-07
83 76 25 0.1133 9.44948874873991E-10
84 76 25 0.1132 1.62547956656081E-08
85 76 25 0.1135 1.72017698174378E-07
86 76 25 0.1126 1.22351022867608E-06
87 79 26 0.1137 1.62118417657724E-09
88 79 26 0.114 2.52321393552572E-08
89 79 26 0.113 2.46137269910398E-07
90 79 26 0.1133 1.63684520930717E-06
91 82 27 0.1151 2.72842265562504E-09
92 82 27 0.1147 3.85742580838808E-08
93 82 27 0.1143 3.47905680130146E-07
94 85 28 0.1152 2.04899078855734E-10
95 85 28 0.1349 4.5078111072163E-09
96 85 28 0.1161 5.81099903077711E-08
97 85 28 0.1155 4.85960856800964E-07
98 88 29 0.1172 3.71098692713233E-10
99 88 29 0.1159 7.3165252502403E-09
100 88 29 0.1166 8.63059697764176E-08
101 88 29 0.1165 6.71066453341822E-07
102 91 30 0.1182 6.5808833545593E-10
103 91 30 0.1171 1.16742099176558E-08
104 91 30 0.1171 1.26439945295386E-07
105 91 30 0.1175 9.16467781243005E-07
106 94 31 0.118 1.14327661059268E-09
107 94 31 0.1183 1.83238775995945E-08
108 94 31 0.1175 1.82804980380229E-07
109 94 31 0.12 1.2382662682948E-06
110 97 32 0.1204 1.94714120889203E-09
111 97 32 0.1203 2.83102055193011E-08
112 97 32 0.1198 2.6094577565E-07
113 97 32 0.1195 1.65580092589957E-06
114 100 33 0.1203 3.25351397141207E-09
115 100 33 0.1213 4.30783653019549E-08
116 100 33 0.1206 3.67926394420737E-07
117 103 34 0.1214 2.61460201704434E-10
118 103 34 0.1211 5.33754292029214E-09
119 103 34 0.121 6.45963808331011E-08
120 103 34 0.1209 5.12628547483761E-07
121 106 35 0.122 4.69224263337256E-10
122 106 35 0.1439 8.60362049198054E-09
123 106 35 0.1232 9.55036580080436E-08
124 106 35 0.1302 7.06075893508182E-07
125 109 36 0.1234 8.24535981237421E-10
126 109 36 0.1216 1.3635587644563E-08
127 109 36 0.1227 1.39288057327897E-07
128 109 36 0.1211 9.6177960147972E-07
129 112 37 0.1223 1.41961714364674E-09
130 112 37 0.1229 2.12620245909817E-08
131 112 37 0.122 2.00493190656648E-07
132 112 37 0.1227 1.29609968708486E-06
133 115 38 0.1231 2.39659656922568E-09
134 115 38 0.1241 3.26395102679945E-08
135 115 38 0.1917 2.8495555161513E-07
136 118 39 0.1336 1.87482596196064E-10
137 118 39 0.1267 3.97025637521706E-09
138 118 39 0.1252 4.93567040398012E-08
139 118 39 0.1248 4.00072545004162E-07
140 121 40 0.1286 3.40226099020892E-10
141 121 40 0.1262 6.4592193933804E-09
142 121 40 0.1264 7.35621376424441E-08
143 121 40 0.1256 5.55096658105901E-07
144 124 41 0.1267 6.04315584731177E-10
145 124 41 0.1267 1.03275656138157E-08
146 124 41 0.1275 1.08117948468599E-07
147 124 41 0.1268 7.61453392063424E-07
148 127 42 0.1279 1.05115863833409E-09
149 127 42 0.146 1.6239588515364E-08
150 127 42 0.128 1.56781830156513E-07
151 127 42 0.1292 1.03307784806548E-06
152 130 43 0.1297 1.79183764155097E-09
153 130 43 0.1298 2.51302271257034E-08
154 130 43 0.1286 2.24417357102451E-07
155 133 44 0.1297 1.36184708156976E-10
156 133 44 0.1301 2.99575946536191E-09
157 133 44 0.1296 3.82939968066049E-08
158 133 44 0.1301 3.17233831970604E-07
159 136 45 0.1304 2.49744588351219E-10
160 136 45 0.1316 4.91636321725824E-09
161 136 45 0.1316 5.7495117873302E-08
162 136 45 0.1315 4.43052962446071E-07
163 139 46 0.1325 4.48190465385117E-10
164 139 46 0.1326 7.92592348363606E-09
165 139 46 0.1321 8.51014992659097E-08
166 139 46 0.1332 6.11600602057567E-07
167 142 47 0.1333 7.87307784146956E-10
168 142 47 0.143 1.25615812765227E-08
169 142 47 0.1328 1.24244317408712E-07
170 142 47 0.133 8.34818413690246E-07
171 145 48 0.1332 1.35465161524357E-09
172 145 48 0.152 1.95851865247907E-08
173 145 48 0.1337 1.79004998652285E-07
174 145 48 0.1334 1.12718840848681E-06
175 148 49 0.1344 2.28490601065851E-09
176 148 49 0.1533 3.00595304808474E-08
177 148 49 0.1342 2.54629622955739E-07
178 151 50 0.1377 1.85012018589934E-10
179 151 50 0.1377 3.78122170747085E-09
180 151 50 0.1364 4.54435802491111E-08
181 151 50 0.1356 3.5777068984323E-07
182 154 51 0.1368 3.35347061440932E-10
183 154 51 0.1372 6.14436696159252E-09
184 154 51 0.1376 6.77092994401906E-08
185 154 51 0.1371 4.96753329268704E-07
186 157 52 0.138 5.94779907788785E-10
187 157 52 0.1388 9.81164849182864E-09
188 157 52 0.1381 9.94821587513015E-08
189 157 52 0.1453 6.81863723108861E-07
190 160 53 0.1393 1.03278213503957E-09
191 160 53 0.1388 1.54078916466574E-08
192 160 53 0.1389 1.44207053481893E-07
193 160 53 0.1385 9.25652909713896E-07
194 163 54 0.1405 1.75710610622029E-09
195 163 54 0.1405 2.38109815183017E-08
196 163 54 0.1396 2.06340574275636E-07
197 166 55 0.1402 1.38013093062598E-10
198 166 55 0.1409 2.9315793607217E-09
199 166 55 0.1407 3.62344083606257E-08
200 166 55 0.1405 2.91569450731225E-07
201 169 56 0.1418 2.52587627364257E-10
202 169 56 0.1411 4.80061263920436E-09
203 169 56 0.1592 5.43293241669503E-08
204 169 56 0.142 4.07053623103918E-07
205 172 57 0.1436 4.52260662668779E-10
206 172 57 0.1425 7.72218438223618E-09
207 172 57 0.1432 8.03084950452926E-08
208 172 57 0.1433 5.61692278252134E-07
209 175 58 0.1441 7.92445415605549E-10
210 175 58 0.1441 1.22114296490089E-08
211 175 58 0.1436 1.1709363927403E-07
212 175 58 0.1432 7.66407308240207E-07
213 178 59 0.145 1.35978152934461E-09
214 178 59 0.1442 1.89971031780694E-08
215 178 59 0.1442 1.68487837217658E-07
216 181 60 0.1451 1.03506700124076E-10
217 181 60 0.1467 2.28703108321342E-09
218 181 60 0.1459 2.90932742120321E-08
219 181 60 0.1466 2.39372848240197E-07
220 184 61 0.1471 1.9120689816696E-10
221 184 61 0.1472 3.77371539862972E-09
222 184 61 0.1464 4.38887174434913E-08
223 184 61 0.1467 3.35931384474933E-07
224 187 62 0.1475 3.45579656436026E-10
225 187 62 0.1478 6.11418526718679E-09
226 187 62 0.1476 6.52562037411803E-08
227 187 62 0.1471 4.65891218341229E-07
228 190 63 0.1488 6.11006465098184E-10
229 190 63 0.1486 9.73494932368649E-09
230 190 63 0.1674 9.56837031131651E-08
231 190 63 0.149 6.38789618979663E-07
232 193 64 0.1507 1.05742267276935E-09
233 193 64 0.1505 1.52434135513263E-08
234 193 64 0.1513 1.38428892801532E-07
235 196 65 0.1511 7.79651224763899E-11
236 196 65 0.1517 1.79282998364436E-09
237 196 65 0.1512 2.34902894511055E-08
238 196 65 0.1509 1.97697676886267E-07
239 199 66 0.1546 1.4529088809226E-10
240 199 66 0.1521 2.9807256812852E-09
241 199 66 0.153 3.56479592062459E-08
242 199 66 0.1519 2.78846583913351E-07
243 202 67 0.1533 2.65030085689467E-10
244 202 67 0.1538 4.86400005169066E-09
245 202 67 0.1613 5.33070263972744E-08
246 202 67 0.1573 3.88607743888593E-07
247 205 68 0.1541 4.72831289566388E-10
248 205 68 0.1549 7.79700681598946E-09
249 205 68 0.1539 7.85932112913724E-08
250 205 68 0.1541 5.35333794139641E-07
251 208 69 0.1558 8.2534210664059E-10
252 208 69 0.1543 1.22876911973872E-08
253 208 69 0.1571 1.14305767485958E-07
254 208 69 0.1641 7.29259428797875E-07
255 211 70 0.1557 1.41067179929394E-09
256 211 70 0.1557 1.90519887673198E-08
257 211 70 0.1733 1.64079122091822E-07
258 214 71 0.158 1.10722390530553E-10
259 214 71 0.1569 2.36319985610282E-09
260 214 71 0.1571 2.90826077471979E-08
261 214 71 0.1575 2.32567328591992E-07
262 217 72 0.158 2.03801578469496E-10
263 217 72 0.1581 3.8839454044675E-09
264 217 72 0.158 4.373445020691E-08
265 217 72 0.1581 3.25650808760913E-07
266 220 73 0.1591 3.66892995330126E-10
267 220 73 0.159 6.26812630936677E-09
268 220 73 0.1602 6.48286602664504E-08
269 220 73 0.1577 4.50663396733654E-07
270 223 74 0.1597 6.45974476976198E-10
271 223 74 0.1612 9.94166746997589E-09
272 223 74 0.1605 9.47770670088307E-08
273 223 74 0.1611 6.16636861718766E-07
274 226 75 0.1616 1.11312416463897E-09
275 226 75 0.1616 1.55086394786782E-08
276 226 75 0.1608 1.36728129327298E-07
277 229 76 0.1623 8.45735514631306E-11
278 229 76 0.1618 1.87903979982439E-09
279 229 76 0.1694 2.38117289768772E-08
280 229 76 0.1625 1.94735174135837E-07
281 232 77 0.1628 1.57018386894692E-10
282 232 77 0.1622 3.11047195890235E-09
283 232 77 0.1633 3.6007804475846E-08
284 232 77 0.181 2.73946337727981E-07
285 235 78 0.1652 2.85229634569126E-10
286 235 78 0.1642 5.05392329929823E-09
287 235 78 0.1726 5.3660710728265E-08
288 235 78 0.1645 3.80814525302061E-07
289 238 79 0.1662 5.0659609975291E-10
290 238 79 0.1662 8.06733018204694E-09
291 238 79 0.165 7.88529793866107E-08
292 238 79 0.1648 5.233263312311E-07
293 241 80 0.1659 8.80178921475651E-10
294 241 80 0.166 1.26614589012617E-08
295 241 80 0.1673 1.14317837219696E-07
296 244 81 0.1673 6.47285085475824E-11
297 244 81 0.1673 1.4973463595895E-09
298 244 81 0.1684 1.95530942036278E-08
299 244 81 0.1672 1.63592492647459E-07
300 247 82 0.1697 1.21143645049289E-10
301 247 82 0.1689 2.49666775499045E-09
302 247 82 0.1685 2.97319776578775E-08
303 247 82 0.1779 2.31192449168237E-07
304 250 83 0.1688 2.22023333976798E-10
305 250 83 0.1695 4.08435168471009E-09
306 250 83 0.1701 4.45435496341894E-08
307 250 83 0.1696 3.22806029390914E-07
308 253 84 0.1707 3.9782360953175E-10
309 253 84 0.1706 6.5617134157563E-09
310 253 84 0.1705 6.57892469202269E-08
311 253 84 0.1893 4.45507432276799E-07
312 256 85 0.172 6.97004268428234E-10
313 256 85 0.1712 1.03613740760995E-08
314 256 85 0.1712 9.58460171524242E-08
315 256 85 0.1724 6.07984726278214E-07
316 259 86 0.1721 1.19508614502071E-09
317 259 86 0.1727 1.60940369966313E-08
318 259 86 0.1726 1.37805819443716E-07
319 262 87 0.1735 9.35565148520314E-11
320 262 87 0.1735 2.00738474063724E-09
321 262 87 0.1728 2.46078121984877E-08
322 262 87 0.1731 1.95635533942976E-07
323 265 88 0.1736 1.72952415719798E-10
324 265 88 0.1739 3.30664070239328E-09
325 265 88 0.1747 3.70620398445556E-08
326 265 88 0.1746 2.74357062662239E-07
327 268 89 0.1767 3.12652717948541E-10
328 268 89 0.1782 5.34686135632326E-09
329 268 89 0.176 5.5017336963883E-08
330 268 89 0.1751 3.80245583211231E-07
331 271 90 0.1771 5.52464684412428E-10
332 271 90 0.1758 8.49496714074216E-09
333 271 90 0.1957 8.05438039245105E-08
334 271 90 0.1754 5.21043767743293E-07
335 274 91 0.178 9.5487043769474E-10
336 274 91 0.1781 1.3271977086743E-08
337 274 91 0.1769 1.16347803870941E-07
338 277 92 0.1998 7.2310605738364E-11
339 277 92 0.1788 1.61593676999147E-09
340 277 92 0.1796 2.04055770352342E-08
341 277 92 0.1788 1.65919015543618E-07
342 280 93 0.1831 1.34774345452766E-10
343 280 93 0.1795 2.68052408993749E-09
344 280 93 0.1809 3.08959821060973E-08
345 280 93 0.1789 2.33696555088827E-07
346 283 94 0.1818 2.4579765140864E-10
347 283 94 0.1799 4.36298369401112E-09
348 283 94 0.1803 4.60968756018612E-08
349 283 94 0.1801 3.25253389832565E-07
350 286 95 0.181 4.38104136481453E-10
351 286 95 0.185 6.97484692040323E-09
352 286 95 0.1822 6.7813093896108E-08
353 286 95 0.1822 4.47497832530304E-07
354 289 96 0.1833 7.63418769190402E-10
355 289 96 0.1835 1.09610761244123E-08
356 289 96 0.1828 9.84163677575852E-08
357 292 97 0.1845 5.59403710599643E-11
358 292 97 0.1847 1.30184117233564E-09
359 292 97 0.1844 1.6946673606275E-08
360 292 97 0.1834 1.40979829723173E-07
361 295 98 0.1911 1.05033066487364E-10
362 295 98 0.1845 2.17493546706169E-09
363 295 98 0.1843 2.57954172939853E-08
364 295 98 0.1847 1.99431393372544E-07
365 298 99 0.207 1.93229578905114E-10
366 298 99 0.1856 3.56373762267572E-09
367 298 99 0.1859 3.86826238720209E-08
368 298 99 0.1946 2.78725577271576E-07
369 301 100 0.1871 3.47436005957487E-10
370 301 100 0.1867 5.73295471055248E-09
371 301 100 0.1863 5.7183397417784E-08
372 301 100 0.1867 3.85031722502395E-07
373 304 101 0.1883 6.10497309500244E-10
374 304 101 0.188 9.06290274554585E-09
375 304 101 0.2108 8.33780717378228E-08
376 304 101 0.1876 5.25936943838112E-07
377 307 102 0.1882 1.04922059396912E-09
378 307 102 0.1883 1.40907922652942E-08
379 307 102 0.1893 1.19975197902944E-07
380 310 103 0.1919 8.18518274281912E-11
381 310 103 0.1896 1.76568032943895E-09
382 310 103 0.1906 2.15631813727492E-08
383 310 103 0.1911 1.70453489661371E-07
384 313 104 0.1916 1.51850467695482E-10
385 313 104 0.1918 2.91285327338924E-09
386 313 104 0.1907 3.25012552372105E-08
387 313 104 0.191 2.39221038778067E-07
388 316 105 0.1929 2.75450980273483E-10
389 316 105 0.192 4.71579279136961E-09
390 316 105 0.1919 4.82806772675052E-08
391 316 105 0.1916 3.317917916443E-07
392 319 106 0.1934 4.88146966789606E-10
393 319 106 0.1932 7.49973286514623E-09
394 319 106 0.1933 7.07273258965671E-08
395 319 106 0.2003 4.54976500228323E-07
396 322 107 0.1935 8.45671830488337E-10
397 322 107 0.1943 1.17267016947981E-08
398 322 107 0.1937 1.0223037257451E-07
399 325 108 0.1955 6.37898556111671E-11
400 325 108 0.1949 1.43376330332612E-09
401 325 108 0.1969 1.80422943250598E-08
402 325 108 0.1953 1.45872530094932E-07
403 328 109 0.1963 1.1926460265384E-10
404 328 109 0.1947 2.38172449327823E-09
405 328 109 0.1956 2.73342936311657E-08
406 328 109 0.1959 2.05578343731542E-07
407 331 110 0.1967 2.18250856610752E-10
408 331 110 0.1965 3.8809613321435E-09
409 331 110 0.1965 4.08047902395901E-08
410 331 110 0.1976 2.86278888745826E-07
411 334 111 0.1981 3.90144870144819E-10
412 334 111 0.1973 6.20971348635468E-09
413 334 111 0.1973 6.00573597133727E-08
414 334 111 0.2057 3.94091859399657E-07
415 337 112 0.1983 6.81445555408177E-10
416 337 112 0.1984 9.76549619001372E-09
417 337 112 0.1979 8.72003180686196E-08
418 340 113 0.1999 4.97319578895932E-11
419 340 113 0.2013 1.16416794029996E-09
420 340 113 0.1999 1.51068122276167E-08
421 340 113 0.2001 1.24966968806074E-07
422 343 114 0.202 9.36095293533606E-11
423 343 114 0.2019 1.94762777170148E-09
424 343 114 0.2016 2.30057670901218E-08
425 343 114 0.2007 1.76853155911344E-07
426 346 115 0.2021 1.72779329873965E-10
427 346 115 0.2038 3.1946354806628E-09
428 346 115 0.2033 3.45132113248567E-08
429 346 115 0.2021 2.47270787353499E-07
430 349 116 0.2028 3.11586958207987E-10
431 349 116 0.2028 5.14327362787625E-09
432 349 116 0.2034 5.10379642290221E-08
433 349 116 0.212 3.41717425301821E-07
434 352 117 0.2093 5.48819394880601E-10
435 352 117 0.2051 8.13562662266E-09
436 352 117 0.2045 7.4441286567711E-08
437 355 118 0.2053 3.88129174896701E-11
438 355 118 0.2047 9.44953284874864E-10
439 355 118 0.2096 1.26549621567476E-08
440 355 118 0.2041 1.07147641144659E-07
441 358 119 0.2069 7.34265152252157E-11
442 358 119 0.2064 1.5924027503604E-09
443 358 119 0.2087 1.93729457452551E-08
444 358 119 0.2052 1.52271879720163E-07
445 361 120 0.2141 1.36639825925789E-10
446 361 120 0.207 2.62965551977157E-09
447 361 120 0.2074 2.92084285822939E-08
448 361 120 0.2069 2.1376299014294E-07
449 364 121 0.209 2.48603247125121E-10
450 364 121 0.2078 4.26043718855541E-09
451 364 121 0.2128 4.33994592870391E-08
452 364 121 0.2071 2.96562727645811E-07
453 367 122 0.2078 4.41652475588874E-10
454 367 122 0.2083 6.77915425631766E-09
455 367 122 0.2123 6.35896086088037E-08
456 367 122 0.2092 4.0677854409057E-07
457 370 123 0.2107 7.66570473778849E-10
458 370 123 0.2086 1.06040122144211E-08
459 370 123 0.2243 9.19298047784462E-08
460 373 124 0.2113 5.7574266959937E-11
461 373 124 0.2126 1.30145866576854E-09
462 373 124 0.2118 1.63193517024295E-08
463 373 124 0.2116 1.31196295285562E-07
464 376 125 0.2129 1.07935716837023E-10
465 376 125 0.2126 2.16409907185753E-09
466 376 125 0.2124 2.47287241995753E-08
467 376 125 0.2113 1.84924388465802E-07
468 379 126 0.2122 1.98110102862932E-10
469 379 126 0.2123 3.52880332646017E-09
470 379 126 0.2126 3.69201905984246E-08
471 379 126 0.212 2.57557497397429E-07
472 382 127 0.2136 3.55043084167395E-10
473 382 127 0.2155 5.64891845832212E-09
474 382 127 0.2153 5.43452893462256E-08
475 382 127 0.2144 3.54610256772307E-07
476 385 128 0.216 6.21354011440717E-10
477 385 128 0.2154 8.88633262927357E-09
478 385 128 0.2151 7.89126005379157E-08
479 388 129 0.2159 4.51506246572135E-11
480 388 129 0.2254 1.06302228106738E-09
481 388 129 0.2164 1.37494159820767E-08
482 388 129 0.2154 1.13096834924228E-07
483 391 130 0.2174 8.51647769585929E-11
484 391 130 0.2185 1.78019684286072E-09
485 391 130 0.2171 2.09408536548837E-08
486 391 130 0.2355 1.60063372177582E-07
487 394 131 0.2187 1.57653385312986E-10
488 394 131 0.2181 2.92198037168246E-09
489 394 131 0.2183 3.14169414475991E-08
490 394 131 0.2192 2.23808017293783E-07
491 397 132 0.2185 2.85057483146405E-10
492 397 132 0.221 4.70634828947523E-09
493 397 132 0.2184 4.64596272857195E-08
494 397 132 0.2187 3.0931076752327E-07
495 400 133 0.2207 5.03118335502432E-10
496 400 133 0.2201 7.44640306772802E-09
497 400 133 0.23 6.77624846926531E-08
498 403 134 0.2206 3.54451866953216E-11
499 403 134 0.2204 8.67557023397788E-10
500 403 134 0.2218 1.15843471405013E-08
501 403 134 0.2219 9.75314793549902E-08
502 406 135 0.2232 6.71305341522006E-11
503 406 135 0.2228 1.46348347493116E-09
504 406 135 0.2261 1.77346226269109E-08
505 406 135 0.2247 1.386009646295E-07
506 409 136 0.2227 1.25268770644888E-10
507 409 136 0.223 2.41839207166851E-09
508 409 136 0.2328 2.67376045495179E-08
509 409 136 0.2228 1.94564304752436E-07
510 412 137 0.224 2.2853047695811E-10
511 412 137 0.223 3.91976642535017E-09
512 412 137 0.2234 3.97253943985268E-08
513 412 137 0.2452 2.69919005522121E-07
514 415 138 0.2251 4.06870395716573E-10
515 415 138 0.2281 6.23842659000536E-09
516 415 138 0.2265 5.82006488256351E-08
517 415 138 0.2254 3.70223520048345E-07
518 418 139 0.2273 7.07310138101428E-10
519 418 139 0.2367 9.75893563235264E-09
520 418 139 0.2262 8.41297262821354E-08
521 421 140 0.2273 5.28837133791811E-11
522 421 140 0.2375 1.20214041891901E-09
523 421 140 0.2268 1.50184340430531E-08
524 421 140 0.2261 1.20050320441395E-07
525 424 141 0.2283 9.93822469890869E-11
526 424 141 0.2282 2.00032986314316E-09
527 424 141 0.2295 2.27553192321862E-08
528 424 141 0.2284 1.69193836331E-07
529 427 142 0.2298 1.8291131912413E-10
530 427 142 0.2315 3.26306626244243E-09
531 427 142 0.2295 3.39691463889869E-08
532 427 142 0.2302 2.35621761779458E-07
533 430 143 0.2306 3.2855362799572E-10
534 430 143 0.2322 5.22450892017743E-09
535 430 143 0.2309 4.99930483373876E-08
536 430 143 0.2299 3.24374591789614E-07
537 433 144 0.2321 5.75959177028335E-10
538 433 144 0.2312 8.2189842158858E-09
539 433 144 0.2314 7.2579451154119E-08
540 436 145 0.2547 4.16638743839335E-11
541 436 145 0.2338 9.86488467339354E-10
542 436 145 0.232 1.27159145349855E-08
543 436 145 0.2343 1.04000284740358E-07
544 439 146 0.2336 7.8729990694506E-11
545 439 146 0.2347 1.65322245161792E-09
546 439 146 0.2333 1.93638993509287E-08
547 439 146 0.2338 1.47160949108666E-07
548 442 147 0.2342 1.46138884078208E-10
549 442 147 0.2349 2.71466932332897E-09
550 442 147 0.2362 2.90452770230792E-08
551 442 147 0.2339 2.05728826109063E-07
552 445 148 0.2351 2.64874922587974E-10
553 445 148 0.2347 4.37319269968726E-09
554 445 148 0.2362 4.29424121364522E-08
555 445 148 0.237 2.84274132895132E-07
556 448 149 0.2365 4.68339067474549E-10
557 448 149 0.2373 6.91931628955361E-09
558 448 149 0.2393 6.2616857231738E-08
559 451 150 0.2377 3.28630778873817E-11
560 451 150 0.237 8.08578194684113E-10
561 451 150 0.2397 1.07631278416276E-08
562 451 150 0.2376 9.01020381056653E-08
563 454 151 0.2378 6.22928841303856E-11
564 454 151 0.2389 1.36504281767809E-09
565 454 151 0.2382 1.64741494339924E-08
566 454 151 0.2473 1.28009933511832E-07
567 457 152 0.2603 1.16543526375435E-10
568 457 152 0.2401 2.25667988866389E-09
569 457 152 0.2391 2.48309689341103E-08
570 457 152 0.2396 1.79651321169366E-07
571 460 153 0.2494 2.13149145789222E-10
572 460 153 0.2412 3.65828088256444E-09
573 460 153 0.2412 3.68819603633856E-08
574 460 153 0.2416 2.49169351548144E-07
575 463 154 0.2417 3.80220582206318E-10
576 463 154 0.252 5.82217497400425E-09
577 463 154 0.2413 5.40181228667721E-08
578 463 154 0.2408 3.41683812669451E-07
579 466 155 0.2428 6.61865168589033E-10
580 466 155 0.2417 9.10644844871519E-09
581 466 155 0.2503 7.8058964588942E-08
582 469 156 0.2445 4.92526121920157E-11
583 469 156 0.2426 1.12584552895167E-09
584 469 156 0.2435 1.40109627350758E-08
585 469 156 0.2429 1.1135199291576E-07
586 472 157 0.2546 9.27700895864719E-11
587 472 157 0.2448 1.87423652440436E-09
588 472 157 0.2443 2.12224880935051E-08
589 472 157 0.2442 1.56885443004269E-07
590 475 158 0.2447 1.71185818436849E-10
591 475 158 0.246 3.05791728365731E-09
592 475 158 0.245 3.16702110405827E-08
593 475 158 0.2446 2.18414215950678E-07
594 478 159 0.2677 3.08134447646885E-10
595 478 159 0.2475 4.8959159388653E-09
596 478 159 0.2462 4.65927779690194E-08
597 478 159 0.2465 3.00597516877147E-07
598 481 160 0.2478 5.40950859730683E-10
599 481 160 0.2484 7.70073732940178E-09
600 481 160 0.2475 6.76177755362633E-08
601 484 161 0.2486 3.89470278192073E-11
602 484 161 0.2493 9.27386140094656E-10
603 484 161 0.2484 1.19108860113576E-08
604 484 161 0.2474 9.6854254929267E-08
605 487 162 0.2496 7.37206629037547E-11
606 487 162 0.2485 1.55496048504177E-09
607 487 162 0.2487 1.81318507640453E-08
608 487 162 0.2498 1.3699860051054E-07
609 490 163 0.2522 1.37199702158887E-10
610 490 163 0.2501 2.55381995419458E-09
611 490 163 0.2515 2.71868206020473E-08
612 490 163 0.2496 1.914528738569E-07
613 493 164 0.2514 2.49229005989629E-10
614 493 164 0.2518 4.11396160348965E-09
615 493 164 0.2587 4.01783051156429E-08
616 493 164 0.2511 2.64455613752962E-07
617 496 165 0.2537 4.41382237920736E-10
618 496 165 0.2525 6.50794234549251E-09
619 496 165 0.2515 5.85616296950991E-08
620 499 166 0.257 3.08407570576468E-11
621 499 166 0.2751 7.6282101886229E-10
622 499 166 0.2542 1.01202203549134E-08
623 499 166 0.253 8.42309469378439E-08
624 502 167 0.2551 5.85018807922081E-11
625 502 167 0.2563 1.28853010954021E-09
626 502 167 0.2569 1.5484327554301E-08
627 502 167 0.2552 1.19618282850954E-07
628 505 168 0.255 1.09727973869001E-10
629 505 168 0.2562 2.1306752922106E-09
630 505 168 0.2557 2.33291960723985E-08
631 505 168 0.2576 1.67805067147866E-07
632 508 169 0.2571 2.01161688287022E-10
633 508 169 0.2564 3.45395044776783E-09
634 508 169 0.257 3.46356807579218E-08
635 508 169 0.2573 2.32646008522747E-07
636 511 170 0.257 3.59473423564531E-10
637 511 170 0.2577 5.49591207068899E-09
638 511 170 0.257 5.07044788630322E-08
639 514 171 0.2585 2.45032250374752E-11
640 514 171 0.2579 6.26466954102792E-10
641 514 171 0.2576 8.59340900065934E-09
642 514 171 0.3333 7.32359950310937E-08
643 517 172 0.2592 4.6388910596018E-11
644 517 172 0.2629 1.06632433067564E-09
645 517 172 0.2592 1.32163046697499E-08
646 517 172 0.2595 1.0442296238809E-07
647 520 173 0.3071 8.75745294992008E-11
648 520 173 0.2795 1.77563415112208E-09
649 520 173 0.2623 2.00096824568871E-08
650 520 173 0.2611 1.47055343966855E-07
651 523 174 0.2618 1.62004044726789E-10
652 523 174 0.3367 2.89703818842083E-09
653 523 174 0.2789 2.98457197600455E-08
654 523 174 0.2616 2.04637238078718E-07
655 526 175 0.2943 2.9217168725004E-10
656 526 175 0.2632 4.6374320030153E-09
657 526 175 0.2622 4.38862921687382E-08
658 526 175 0.2854 2.81514894076354E-07
659 529 176 0.2643 5.13590729996856E-10
660 529 176 0.2629 7.29175604513098E-09
661 529 176 0.266 6.36572204016703E-08
662 532 177 0.2645 3.67921872945912E-11
663 532 177 0.2653 8.81134853964373E-10
664 532 177 0.264 1.12735168837606E-08
665 532 177 0.2714 9.11345369207181E-08
666 535 178 0.2644 6.97619529287815E-11
667 535 178 0.2653 1.47789899652989E-09
668 535 178 0.2662 1.71532510887857E-08
669 535 178 0.2644 1.28843015203767E-07
670 538 179 0.2664 1.30164308292488E-10
671 538 179 0.2652 2.42732191754269E-09
672 538 179 0.266 2.57060339132559E-08
673 538 179 0.2657 1.79967066481485E-07
674 541 180 0.2753 2.36952953204219E-10
675 541 180 0.2897 3.90944842392859E-09
676 541 180 0.2683 3.79692096781047E-08
677 541 180 0.2672 2.48471675257504E-07
678 544 181 0.2684 4.20252147324491E-10
679 544 181 0.2679 6.1823254792735E-09
680 544 181 0.2673 5.53111175187495E-08
681 547 182 0.2689 2.92299324069925E-11
682 547 182 0.2705 7.269266174047E-10
683 547 182 0.2736 9.60960872623966E-09
684 547 182 0.2702 7.9511602829317E-08
685 550 183 0.2701 5.548887428592E-11
686 550 183 0.2695 1.2283898315159E-09
687 550 183 0.27 1.46955552392051E-08
688 550 183 0.2698 1.12854583979098E-07
689 553 184 0.2721 1.043384174835E-10
690 553 184 0.2721 2.03136287316304E-09
691 553 184 0.2716 2.21285435084813E-08
692 553 184 0.2718 1.58232203075855E-07
693 556 185 0.2728 1.9172309982658E-10
694 556 185 0.2732 3.2923908245667E-09
695 556 185 0.2719 3.2834108177167E-08
696 556 185 0.2805 2.1926043300448E-07
697 559 186 0.2733 3.43166925201333E-10
698 559 186 0.2734 5.23705537066171E-09
699 559 186 0.2727 4.8038735886154E-08
700 562 187 0.2753 2.33120999639549E-11
701 562 187 0.2745 5.98644791562132E-10
702 562 187 0.2971 8.18493168604035E-09
703 562 187 0.2755 6.9344703386188E-08
704 565 188 0.2767 4.41012639710117E-11
705 565 188 0.2763 1.01946437742291E-09
706 565 188 0.2768 1.25813877429601E-08
707 565 188 0.2756 9.88167841791332E-08
708 568 189 0.2774 8.34468153285173E-11
709 568 189 0.2854 1.69779968227652E-09
710 568 189 0.2771 1.90373342402219E-08
711 568 189 0.2759 1.39080627290668E-07
712 571 190 0.2776 1.54748043239303E-10
713 571 190 0.2885 2.76963511536518E-09
714 571 190 0.2773 2.83780972050982E-08
715 571 190 0.2778 1.93432005662321E-07
716 574 191 0.2801 2.79598678279583E-10
717 574 191 0.2786 4.43200858289139E-09
718 574 191 0.2786 4.17022611124099E-08
719 574 191 0.2795 2.65956629764099E-07
720 577 192 0.2821 4.92053745623657E-10
721 577 192 0.2797 6.96552585919605E-09
722 577 192 0.2803 6.04514034932079E-08
723 580 193 0.2803 3.50620476914479E-11
724 580 193 0.2816 8.44683598264805E-10
725 580 193 0.2807 1.0763231243629E-08
726 580 193 0.2877 8.64912066351184E-08
727 583 194 0.2814 6.66013631166144E-11
728 583 194 0.2814 1.41701512497759E-09
729 583 194 0.3035 1.63669321439122E-08
730 583 194 0.29 1.22203952745595E-07
731 586 195 0.2854 1.24587946018962E-10
732 586 195 0.2827 2.32705663463814E-09
733 586 195 0.2846 2.45120231601693E-08
734 586 195 0.4017 1.70592175664404E-07
735 589 196 0.2849 2.27264467432427E-10
736 589 196 0.2854 3.74675121231573E-09
737 589 196 0.2825 3.61819237867416E-08
738 589 196 0.2835 2.35392575762281E-07
739 592 197 0.285 4.03602064867748E-10
740 592 197 0.2846 5.92227866527246E-09
741 592 197 0.2842 5.2672807385596E-08
742 595 198 0.2867 2.79313943554919E-11
743 595 198 0.2863 6.98622891928228E-10
744 595 198 0.2876 9.20023513772368E-09
745 595 198 0.2855 7.56694265293074E-08
746 598 199 0.2863 5.3071545021069E-11
747 598 199 0.2881 1.18086509317166E-09
748 598 199 0.2871 1.40607465591458E-08
749 598 199 0.2869 1.07332062408698E-07
750 601 200 0.2945 1.00050436611516E-10
751 601 200 0.2876 1.95263019486212E-09
752 601 200 0.3783 2.11586296678694E-08
753 601 200 0.2888 1.5039439457124E-07
754 604 201 0.299 1.84260268501808E-10
755 604 201 0.2886 3.16382048033536E-09
756 604 201 0.3118 3.13735638271683E-08
757 604 201 0.2914 2.08272337552064E-07
758 607 202 0.2912 3.30309771199238E-10
759 607 202 0.2918 5.0302185709131E-09
760 607 202 0.2908 4.58702425743478E-08
761 610 203 0.291 2.23481461581999E-11
762 610 203 0.2928 5.76708895251651E-10
763 610 203 0.2934 7.85718897940142E-09
764 610 203 0.2954 6.6169020595332E-08
765 613 204 0.2923 4.22560817522419E-11
766 613 204 0.2918 9.82450629211937E-10
767 613 204 0.2924 1.20698678628547E-08
768 613 204 0.2914 9.42276331115496E-08
769 616 205 0.2934 8.0150073648735E-11
770 616 205 0.2947 1.63612659835971E-09
771 616 205 0.2936 1.82508573793876E-08
772 616 205 0.293 1.32533689317868E-07
773 619 206 0.2943 1.48999376426373E-10
774 619 206 0.294 2.66828958336058E-09
775 619 206 0.294 2.7186493978798E-08
776 619 206 0.2957 1.84207795853982E-07
777 622 207 0.296 2.69680825408119E-10
778 622 207 0.2941 4.26789574621606E-09
779 622 207 0.2932 3.99225280785848E-08
780 622 207 0.2942 2.53115797618109E-07
781 625 208 0.2957 4.7508402261634E-10
782 625 208 0.2979 6.70374777865728E-09
783 625 208 0.2972 5.78301115667847E-08
784 628 209 0.2993 3.36594879886437E-11
785 628 209 0.2973 8.1592479815154E-10
786 628 209 0.2965 1.03519648839314E-08
787 628 209 0.2958 8.26822339431262E-08
788 631 210 0.2985 6.40661246499555E-11
789 631 210 0.2977 1.36883334331515E-09
790 631 210 0.2997 1.57304842368577E-08
791 631 210 0.2982 1.16741140347051E-07
792 634 211 0.2991 1.20158592948333E-10
793 634 211 0.299 2.24739055223988E-09
794 634 211 0.2977 2.35416449387207E-08
795 634 211 0.2973 1.62856102467535E-07
796 637 212 0.299 2.19618905054958E-10
797 637 212 0.3006 3.61689190785168E-09
798 637 212 0.3105 3.47237467255204E-08
799 637 212 0.3007 2.24570437178292E-07
800 640 213 0.3025 3.90496520093912E-10
801 640 213 0.3015 5.71373800029339E-09
802 640 213 0.3086 5.05124387895772E-08
803 643 214 0.3035 2.68741160782893E-11
804 643 214 0.3007 6.76332190926659E-10
805 643 214 0.3031 8.87038619811357E-09
806 643 214 0.3121 7.25124079967471E-08
807 646 215 0.3035 5.11230953585254E-11
808 646 215 0.3034 1.14333137612567E-09
809 646 215 0.3047 1.35468926257509E-08
810 646 215 0.305 1.02779532462702E-07
811 649 216 0.3059 9.66369223291464E-11
812 649 216 0.3056 1.8901954996823E-09
813 649 216 0.3049 2.0370067429046E-08
814 649 216 0.3052 1.43913646923216E-07
815 652 217 0.3052 1.78368508015169E-10
816 652 217 0.3071 3.06137853893175E-09
817 652 217 0.3064 3.01811380141665E-08
818 652 217 0.3052 1.99160623873403E-07
819 655 218 0.3065 3.20205106061372E-10
820 655 218 0.3051 4.86457325076572E-09
821 655 218 0.3047 4.40928714001211E-08
822 658 219 0.3062 2.15619832033269E-11
823 658 219 0.3069 5.59474577052245E-10
824 658 219 0.3091 7.59337257815517E-09
825 658 219 0.3168 6.3556503134186E-08
826 661 220 0.3085 4.07609795001942E-11
827 661 220 0.308 9.53300507433553E-10
828 661 220 0.3086 1.16560628881852E-08
829 661 220 0.3092 9.04391980511676E-08
830 664 221 0.3103 7.75152143758421E-11
831 664 221 0.3087 1.58735794242418E-09
832 664 221 0.3082 1.76115749412322E-08
833 664 221 0.3088 1.27111555039446E-07
834 667 222 0.3094 1.44459017301201E-10
835 667 222 0.3095 2.58774630092281E-09
836 667 222 0.3094 2.62135131199746E-08
837 667 222 0.3128 1.7654508297949E-07
838 670 223 0.3124 2.61898148535552E-10
839 670 223 0.3139 4.13675523476761E-09
840 670 223 0.3204 3.84631737363102E-08
841 673 224 0.3129 1.74435961934483E-11
842 673 224 0.3124 4.6179091790911E-10
843 673 224 0.3127 6.49339924097563E-09
844 673 224 0.3147 5.56720823448187E-08
845 676 225 0.315 3.2516832526674E-11
846 676 225 0.312 7.9335796644045E-10
847 676 225 0.3121 1.00196971036958E-08
848 676 225 0.3141 7.95347687361978E-08
849 679 226 0.3374 6.2031735564558E-11
850 679 226 0.3375 1.33087619083568E-09
851 679 226 0.4068 1.52136106810834E-08
852 679 226 0.3154 1.12211405005139E-07
853 682 227 0.3165 1.1665699159526E-10
854 682 227 0.3159 2.18429742763986E-09
855 682 227 0.3156 2.27496848797777E-08
856 682 227 0.315 1.56420569139948E-07
857 685 228 0.3152 2.13630099904745E-10
858 685 228 0.3163 3.51344621787841E-09
859 685 228 0.3152 3.3528166140469E-08
860 685 228 0.3335 2.15540407397717E-07
861 688 229 0.3181 3.80266343774775E-10
862 688 229 0.3265 5.54660750694064E-09
863 688 229 0.3164 4.87334670178844E-08
864 691 230 0.3195 2.60074485282832E-11
865 691 230 0.3182 6.58919902466478E-10
866 691 230 0.319 8.60445332013877E-09
867 691 230 0.3233 6.99022544199099E-08
868 694 231 0.3213 4.95514579751113E-11
869 694 231 0.3306 1.11390286359178E-09
870 694 231 0.3192 1.31302408283179E-08
871 694 231 0.3205 9.90016391610335E-08
872 697 232 0.3201 9.39323602951855E-11
873 697 232 0.3207 1.84097512418164E-09
874 697 232 0.3192 1.97272172139649E-08
875 697 232 0.3185 1.38516882656521E-07
876 700 233 0.3204 1.73761139564141E-10
877 700 233 0.3453 2.98010777944014E-09
878 700 233 0.321 2.92041359981371E-08
879 700 233 0.3213 1.91548427092363E-07
880 703 234 0.3637 3.12348265579684E-10
881 703 234 0.3222 4.73229485245199E-09
882 703 234 0.3218 4.26297370799001E-08
883 706 235 0.3234 2.09147354459311E-11
884 706 235 0.3227 5.46084141306144E-10
885 706 235 0.3229 7.38131157922114E-09
886 706 235 0.3231 6.13964580238275E-08
887 709 236 0.3334 3.95479476325796E-11
888 709 236 0.3248 9.3057803146647E-10
889 709 236 0.3232 1.13213351385138E-08
890 709 236 0.3227 8.72942278619882E-08
891 712 237 0.3258 7.54226611186531E-11
892 712 237 0.3263 1.54913160333715E-09
893 712 237 0.3268 1.7091372474814E-08
894 712 237 0.3273 1.22593536913432E-07
895 715 238 0.3258 1.40911752042782E-10
896 715 238 0.327 2.52418606948404E-09
897 715 238 0.3271 2.54173735176163E-08
898 715 238 0.3268 1.70137964145133E-07
899 718 239 0.3272 2.55873933156232E-10
900 718 239 0.3284 4.03251420078538E-09
901 718 239 0.3273 3.72628618460863E-08
902 721 240 0.3284 1.69717887954293E-11
903 721 240 0.3283 4.51527808388245E-10
904 721 240 0.3503 6.32498977464061E-09
905 721 240 0.3288 5.38886818895171E-08
906 724 241 0.3303 3.15830703469789E-11
907 724 241 0.3313 7.7589216031214E-10
908 724 241 0.3314 9.75180042908779E-09
909 724 241 0.3296 7.69222050575071E-08
910 727 242 0.3304 6.04088307376568E-11
911 727 242 0.3305 1.30133412159546E-09
912 727 242 0.3316 1.47941187970823E-08
913 727 242 0.3311 1.08436261149998E-07
914 730 243 0.3335 1.13922536720023E-10
915 730 243 0.3331 2.13483786705061E-09
916 730 243 0.3304 2.21029633791425E-08
917 730 243 0.3303 1.51037003824385E-07
918 733 244 0.3339 2.09015116296842E-10
919 733 244 0.3339 3.43170256235253E-09
920 733 244 0.334 3.25463048256802E-08
921 733 244 0.3333 2.07960339278754E-07
922 736 245 0.3344 3.72425756600638E-10
923 736 245 0.3339 5.41347161135629E-09
924 736 245 0.341 4.72648431639353E-08
925 739 246 0.3346 2.52945619138821E-11
926 739 246 0.3354 6.45556436354683E-10
927 739 246 0.3378 8.39096123483889E-09
928 739 246 0.3351 6.77370871061262E-08
929 742 247 0.3446 4.82896993906889E-11
930 742 247 0.3358 1.09119579548732E-09
931 742 247 0.3582 1.27932805483342E-08
932 742 247 0.3345 9.58538706370238E-08
933 745 248 0.3368 9.18183653560087E-11
934 745 248 0.3362 1.80270410927665E-09
935 745 248 0.3383 1.92037464763896E-08
936 745 248 0.3457 1.34001977888864E-07
937 748 249 0.3387 1.70225534524254E-10
938 748 249 0.3374 2.91635826229251E-09
939 748 249 0.3372 2.84035378646566E-08
940 748 249 0.3365 1.85156438908779E-07
941 751 250 0.3377 3.06373251841674E-10
942 751 250 0.3376 4.62759368880621E-09
943 751 250 0.339 4.14238136044398E-08
944 754 251 0.3398 2.03781132207387E-11
945 754 251 0.3429 5.35908099595921E-10
946 754 251 0.349 7.21198979995243E-09
947 754 251 0.3396 5.96067582892751E-08
948 757 252 0.3419 3.85664903829436E-11
949 757 252 0.34 9.13227384500861E-10
950 757 252 0.3403 1.1051858208078E-08
951 757 252 0.3387 8.46758225567024E-08
952 760 253 0.341 7.37824443901419E-11
953 760 253 0.3407 1.51970383431643E-09
954 760 253 0.3418 1.66693545494148E-08
955 760 253 0.3412 1.18815301882785E-07
956 763 254 0.3506 1.38199622111918E-10
957 763 254 0.3412 2.47477895093322E-09
958 763 254 0.3651 2.47669243690621E-08
959 763 254 0.3444 1.64758197064921E-07
960 766 255 0.3456 2.5133162673431E-10
961 766 255 0.343 3.95066354298428E-09
962 766 255 0.3435 3.62758983900385E-08
963 769 256 0.3437 1.65796611419385E-11
964 769 256 0.3454 4.43816543216865E-10
965 769 256 0.3461 6.19143013626505E-09
966 769 256 0.355 5.24136261465061E-08
967 772 257 0.3449 3.08211205174256E-11
968 772 257 0.3442 7.62719380742255E-10
969 772 257 0.3457 9.53736382899154E-09
970 772 257 0.3467 7.47498757729972E-08
971 775 258 0.3458 5.9130187896306E-11
972 775 258 0.3467 1.27886562668444E-09
973 775 258 0.3462 1.44554135660946E-08
974 775 258 0.3462 1.05281943756955E-07
975 778 259 0.3471 1.11836364545756E-10
976 778 259 0.3573 2.09681691078943E-09
977 778 259 0.3465 2.15766571906653E-08
978 778 259 0.3486 1.46518817259004E-07
979 781 260 0.3481 2.05565448742133E-10
980 781 260 0.3476 3.36814401558585E-09
981 781 260 0.3484 3.17414813236703E-08
982 781 260 0.3476 2.01572977828779E-07
983 784 261 0.3481 3.66609761345615E-10
984 784 261 0.3483 5.30878515502475E-09
985 784 261 0.3708 4.60531312241522E-08
986 787 262 0.3594 2.47067906993226E-11
987 787 262 0.3507 6.35624380071776E-10
988 787 262 0.3497 8.22128893013739E-09
989 787 262 0.3904 6.59401081823316E-08
990 790 263 0.3534 4.72889202061675E-11
991 790 263 0.3509 1.07417694423725E-09
992 790 263 0.351 1.25228369995473E-08
993 790 263 0.3515 9.32274352898708E-08
994 793 264 0.3514 9.02061234011893E-11
995 793 264 0.3511 1.77368280063066E-09
996 793 264 0.3531 1.87798304393386E-08
997 793 264 0.3536 1.30216523835605E-07
998 796 265 0.353 1.67605053424196E-10
999 796 265 0.3544 2.86738902315272E-09
