1 5 1  3.7475 4.48777459638453E-09
2 9 2  0.0981 7.42341689859039E-05
3 13 3  0.0999 1.15793359831549E-06
4 13 3  0.0992 3.33730076702625E-05
5 17 4  0.1083 1.01714130559021E-07
6 17 4  0.1039 2.28218052305111E-06
7 17 4  0.1041 2.21187816048642E-05
8 21 5  0.1088 4.34262482614811E-08
9 21 5  0.1091 7.22480565739526E-07
10 21 5  0.1056 6.64937164682386E-06
11 25 6  0.1124 6.59695611261641E-09
12 25 6  0.1113 1.26645243544457E-07
13 25 6  0.11 1.39360724913482E-06
14 25 6  0.1341 9.83704223525948E-06
15 29 7  0.1171 1.48361076659648E-08
16 29 7  0.1177 2.18607904653789E-07
17 29 7  0.1192 1.9999086340055E-06
18 33 8  0.1209 1.18872119962279E-09
19 33 8  0.1219 2.55954568738994E-08
20 33 8  0.1206 3.23017420807624E-07
21 33 8  0.123 2.63018938386059E-06
22 37 9  0.1228 2.16494810434211E-09
23 37 9  0.1245 4.01757777960915E-08
24 37 9  0.1234 4.51791462267285E-07
25 37 9  0.1241 3.35975878563446E-06
26 41 10  0.1295 3.687607388352E-09
27 41 10  0.1438 6.05350624537526E-08
28 41 10  0.1303 6.17293612628257E-07
29 41 10  0.1315 4.24268361735881E-06
30 45 11  0.1353 6.05978098426672E-09
31 45 11  0.1418 8.91921484006262E-08
32 45 11  0.1326 8.32603926627961E-07
33 45 11  0.1353 5.32472824432626E-06
34 49 12  0.134 9.72135805532484E-09
35 49 12  0.1365 1.29392183374918E-07
36 49 12  0.1398 1.11257749419504E-06
37 53 13  0.139 7.54917056636612E-10
38 53 13  0.1403 1.53027602567805E-08
39 53 13  0.1415 1.85332596387156E-07
40 53 13  0.1377 1.47468208483957E-06
41 57 14  0.1603 1.30729874983461E-09
42 57 14  0.147 2.36947328146741E-08
43 57 14  0.1432 2.62421191925582E-07
44 57 14  0.1447 1.93964465593707E-06
45 61 15  0.1499 2.2159062484763E-09
46 61 15  0.1552 3.61389741726057E-08
47 61 15  0.1475 3.67560197231428E-07
48 61 15  0.1484 2.53198657400275E-06
49 65 16  0.1506 3.68296089319599E-09
50 65 16  0.151 5.43416398483451E-08
51 65 16  0.1513 5.09465981285557E-07
52 65 16  0.1499 3.28050727584648E-06
53 69 17  0.1562 6.01018655734674E-09
54 69 17  0.1708 8.06135606682185E-08
55 69 17  0.1574 6.99015801172326E-07
56 73 18  0.1586 4.6650259429074E-10
57 73 18  0.1608 9.63976524248946E-09
58 73 18  0.1613 1.18040514438654E-07
59 73 18  0.1588 9.49627935776503E-07
60 77 19  0.1675 8.22947849214175E-10
61 77 19  0.1625 1.52094421014293E-08
62 77 19  0.1654 1.70685752766265E-07
63 77 19  0.1621 1.27765898032608E-06
64 81 20  0.1672 1.42052193072837E-09
65 81 20  0.1639 2.36238191573641E-08
66 81 20  0.1689 2.43827839793821E-07
67 81 20  0.1652 1.70282575480416E-06
68 85 21  0.1745 2.40244256000245E-09
69 85 21  0.1714 3.6145838778857E-08
70 85 21  0.1716 3.44231993562677E-07
71 85 21  0.1691 2.24861307427454E-06
72 89 22  0.1766 3.98561066327845E-09
73 89 22  0.25 5.45115363265125E-08
74 89 22  0.2309 4.80457532438474E-07
75 93 23  0.1828 3.04040728297756E-10
76 93 23  0.1801 6.49277943252175E-09
77 93 23  0.1803 8.10715750474248E-08
78 93 23  0.176 6.63196070781304E-07
79 97 24  0.1826 5.46043302480033E-10
80 97 24  0.1814 1.03957720732674E-08
81 97 24  0.2056 1.18961717279247E-07
82 97 24  0.188 9.05637401296625E-07
83 101 25  0.1859 9.58112981733437E-10
84 101 25  0.1877 1.63729708696549E-08
85 101 25  0.185 1.72306340184011E-07
86 101 25  0.1986 1.22385732334506E-06
87 105 26  0.1923 1.64489413814379E-09
88 105 26  0.19 2.53833739122763E-08
89 105 26  0.1911 2.46454360838834E-07
90 105 26  0.5427 1.63721586736282E-06
91 109 27  0.1656 2.76684029478382E-09
92 109 27  0.1642 3.8761317475039E-08
93 109 27  0.1644 3.48247772575648E-07
94 113 28  0.1675 2.05466338825574E-10
95 113 28  0.1689 4.5656139687632E-09
96 113 28  0.1683 5.83344552410141E-08
97 113 28  0.1681 4.8632601458433E-07
98 117 29  0.1793 3.75222240386044E-10
99 117 29  0.1718 7.39861027227266E-09
100 117 29  0.1708 8.65679714387453E-08
101 117 29  0.1704 6.71454611485114E-07
102 121 30  0.1742 6.68348240386767E-10
103 121 30  0.174 1.17854122833249E-08
104 121 30  0.1734 1.26738435606441E-07
105 121 30  0.1745 9.16884096929943E-07
106 125 31  0.1778 1.16302571008893E-09
107 125 31  0.177 1.84685080100723E-08
108 125 31  0.193 1.83138138118102E-07
109 125 31  0.1774 1.23872184140238E-06
110 129 32  0.1804 1.98048628483006E-09
111 129 32  0.1879 2.84917920507286E-08
112 129 32  0.1805 2.61311611586274E-07
113 129 32  0.1801 1.65631585689836E-06
114 133 33  0.1823 3.30513851721812E-09
115 133 33  0.1829 4.32992995690701E-08
116 133 33  0.1828 3.68324119439354E-07
117 137 34  0.1858 2.63969550419205E-10
118 137 34  0.1862 5.41252207460576E-09
119 137 34  0.1844 6.48579217028814E-08
120 137 34  0.1847 5.13060074215595E-07
121 141 35  0.1881 4.76992648554254E-10
122 141 35  0.191 8.70707422548221E-09
123 141 35  0.1888 9.58057958949706E-08
124 141 35  0.1895 7.06546814940052E-07
125 145 36  0.1931 8.40769173236431E-10
126 145 36  0.1905 1.37723235272988E-08
127 145 36  0.1894 1.39630154963665E-07
128 145 36  0.189 9.62303158114264E-07
129 149 37  0.1916 1.44826569959803E-09
130 149 37  0.1921 2.14361933768281E-08
131 149 37  0.1918 2.00874517873312E-07
132 149 37  0.1926 1.29669906032407E-06
133 153 38  0.3198 2.44230681512086E-09
134 153 38  0.1958 3.2854318445964E-08
135 153 38  0.2267 2.85376649437639E-07
136 157 39  0.2006 1.88685382603483E-10
137 157 39  0.1995 4.03815943283795E-09
138 157 39  0.1986 4.9614312700098E-08
139 157 39  0.1989 4.00536506764086E-07
140 161 40  0.2008 3.45893715113593E-10
141 161 40  0.2006 6.55465038457547E-09
142 161 40  0.2019 7.3863667738891E-08
143 161 40  0.2006 5.55610800532514E-07
144 165 41  0.2057 6.17421987158831E-10
145 165 41  0.2043 1.04557133521436E-08
146 165 41  0.2133 1.08463956823871E-07
147 165 41  0.2029 7.6203220809823E-07
148 169 42  0.2072 1.07549289968828E-09
149 169 42  0.2085 1.64051714219133E-08
150 169 42  0.2073 1.57172673782962E-07
151 169 42  0.2069 1.03374521929061E-06
152 173 43  0.2097 1.83193929435638E-09
153 173 43  0.2095 2.53371701288857E-08
154 173 43  0.2098 2.24854634024586E-07
155 177 44  0.2116 1.36333792092593E-10
156 177 44  0.2124 3.05677115945434E-09
157 177 44  0.2197 3.85452986976233E-08
158 177 44  0.2127 3.17721874753129E-07
159 181 45  0.2462 2.536170729215E-10
160 181 45  0.2161 5.00375301404072E-09
161 181 45  0.2169 5.77928830144296E-08
162 181 45  0.2493 4.43600245573825E-07
163 185 46  0.2198 4.58533249879469E-10
164 185 46  0.2187 8.04517243752933E-09
165 185 46  0.2199 8.54472672811031E-08
166 185 46  0.3387 6.12222960507402E-07
167 189 47  0.2221 8.0772368837878E-10
168 189 47  0.2211 1.27178547401518E-08
169 189 47  0.2203 1.24639693887775E-07
170 189 47  0.2203 8.3554086708918E-07
171 193 48  0.2237 1.38952883473003E-09
172 193 48  0.2263 1.97830441155135E-08
173 193 48  0.2242 1.79452601998838E-07
174 193 48  0.2242 1.12804959662868E-06
175 197 49  0.2284 2.33931122188881E-09
176 197 49  0.2287 3.03027599569554E-08
177 197 49  0.2281 2.55134582708866E-07
178 201 50  0.2394 1.87368336788744E-10
179 201 50  0.2308 3.86069917012216E-09
180 201 50  0.2306 4.5735165243114E-08
181 201 50  0.2301 3.5834278589204E-07
182 205 51  0.2336 3.4328295604268E-10
183 205 51  0.2329 6.2546162421682E-09
184 205 51  0.233 6.80516790053166E-08
185 205 51  0.2326 4.97409401258079E-07
186 209 52  0.2345 6.11663138957621E-10
187 209 52  0.2351 9.9582072548855E-09
188 209 52  0.2344 9.98779338651121E-08
189 209 52  0.2533 6.82629769174294E-07
190 213 53  0.2379 1.06282147672096E-09
191 213 53  0.2376 1.55958621502668E-08
192 213 53  0.2389 1.44659891947365E-07
193 213 53  0.3524 9.26568212915873E-07
194 217 54  0.2434 1.80526942232116E-09
195 217 54  0.241 2.40447986968354E-08
196 217 54  0.2396 2.06856673119949E-07
197 221 55  0.2433 1.39110827980897E-10
198 221 55  0.2508 3.0033995290098E-09
199 221 55  0.244 3.6517892279169E-08
200 221 55  0.2424 2.9215933188395E-07
201 225 56  0.2474 2.58425862899663E-10
202 225 56  0.2463 4.90193026321996E-09
203 225 56  0.2467 5.46658276273973E-08
204 225 56  0.2467 4.07734822495817E-07
205 229 57  0.2493 4.65985419618457E-10
206 229 57  0.2498 7.85883454297977E-09
207 229 57  0.2497 8.07014638849965E-08
208 229 57  0.256 5.62491685827245E-07
209 233 58  0.2518 8.18053311717939E-10
210 233 58  0.2515 1.23889686153906E-08
211 233 58  0.252 1.1754768324844E-07
212 233 58  0.2506 7.67364444447838E-07
213 237 59  0.254 1.40208841098959E-09
214 237 59  0.2548 1.92205815602902E-08
215 237 59  0.2529 1.69009799482476E-07
216 241 60  0.2762 1.03559301455457E-10
217 241 60  0.2597 2.3515097011941E-09
218 241 60  0.4068 2.93671973997875E-08
219 241 60  0.2587 2.39974154335647E-07
220 245 61  0.2611 1.95242832651832E-10
221 245 61  0.2618 3.86628690960647E-09
222 245 61  0.2598 4.421723656002E-08
223 245 61  0.2607 3.36629919683621E-07
224 249 62  0.2631 3.56488763646799E-10
225 249 62  0.2654 6.24090760426168E-09
226 249 62  0.2622 6.56435671979939E-08
227 249 62  0.2721 4.66714308001823E-07
228 253 63  0.2661 6.32568775204121E-10
229 253 63  0.268 9.90174577976557E-09
230 253 63  0.2679 9.61352395517596E-08
231 253 63  0.2659 6.39777940971205E-07
232 257 64  0.2699 1.09426855932332E-09
233 257 64  0.2702 1.54558477747125E-08
234 257 64  0.2694 1.38952354389783E-07
235 261 65  0.2725 7.71688479158387E-11
236 261 65  0.282 1.85034468620157E-09
237 261 65  0.2736 2.37535122842651E-08
238 261 65  0.2719 1.9830484592136E-07
239 265 66  0.2765 1.47780409586008E-10
240 265 66  0.387 3.06482243554799E-09
241 265 66  0.274 3.59667989609025E-08
242 265 66  0.275 2.79555945224063E-07
243 269 67  0.2965 2.73463870050806E-10
244 269 67  0.2782 4.98090227389593E-09
245 269 67  0.2784 5.36865721941002E-08
246 269 67  0.2799 3.89447162775901E-07
247 273 68  0.2805 4.9074712877248E-10
248 273 68  0.2812 7.95292157157331E-09
249 273 68  0.2816 7.90394004746832E-08
250 273 68  0.2797 5.36343633142305E-07
251 277 69  0.2841 8.57156144711742E-10
252 277 69  0.3008 1.24886257208494E-08
253 277 69  0.2845 1.14826926402125E-07
254 277 69  0.2846 7.30496746333231E-07
255 281 70  0.2858 1.4616235642673E-09
256 281 70  0.2877 1.93036451082406E-08
257 281 70  0.2877 1.6468765047343E-07
258 285 71  0.2903 1.11906629661152E-10
259 285 71  0.2889 2.43916948497681E-09
260 285 71  0.4103 2.93904628057888E-08
261 285 71  0.2892 2.33281908747991E-07
262 289 72  0.3007 2.1006750001519E-10
263 289 72  0.2922 3.99122701717528E-09
264 289 72  0.293 4.41041757923436E-08
265 289 72  0.2919 3.26499492929076E-07
266 293 73  0.2948 3.81521610338348E-10
267 293 73  0.2951 6.41316548400649E-09
268 293 73  0.2945 6.52669278661248E-08
269 293 73  0.2946 4.51686269857733E-07
270 297 74  0.3237 6.73161322561018E-10
271 297 74  0.2973 1.01308303307176E-08
272 297 74  0.2967 9.52927149278405E-08
273 297 74  0.2974 6.1789069432033E-07
274 301 75  0.3004 1.15793097527693E-09
275 301 75  0.3005 1.57481056767519E-08
276 301 75  0.3019 1.3733392140325E-07
277 305 76  0.3029 8.46681486664878E-11
278 305 76  0.3049 1.94726123926757E-09
279 305 76  0.4168 2.41075438873626E-08
280 305 76  0.3046 1.95450038039815E-07
281 309 77  0.3063 1.61406265155012E-10
282 309 77  0.3061 3.20841782391543E-09
283 309 77  0.3056 3.63662354097079E-08
284 309 77  0.3058 2.74797891125583E-07
285 313 78  0.3112 2.96937024220937E-10
286 313 78  0.3108 5.18820107335617E-09
287 313 78  0.3113 5.40889784293131E-08
288 313 78  0.3093 3.81842981677468E-07
289 317 79  0.3131 5.29570914782179E-10
290 317 79  0.3113 8.24459839218611E-09
291 317 79  0.3118 7.9360393728222E-08
292 317 79  0.3143 5.24587696120707E-07
293 321 80  0.3155 9.19276378548066E-10
294 321 80  0.3163 1.28883028105178E-08
295 321 80  0.3232 1.14917396442174E-07
296 325 81  0.3173 6.39240118687328E-11
297 325 81  0.4515 1.55822370559028E-09
298 325 81  0.32 1.98360665824011E-08
299 325 81  0.3188 1.64303162216254E-07
300 329 82  0.3219 1.23906735886992E-10
301 329 82  0.3206 2.58561868822742E-09
302 329 82  0.3229 3.00778562533257E-08
303 329 82  0.3204 2.32041873522027E-07
304 333 83  0.3225 2.31139689532373E-10
305 333 83  0.3242 4.20808404040522E-09
306 333 83  0.3217 4.49600338725768E-08
307 333 83  0.3229 3.23833650221743E-07
308 337 84  0.3265 4.16983771242363E-10
309 337 84  0.3258 6.7271049449891E-09
310 337 84  0.3333 6.62861019947884E-08
311 337 84  0.328 4.46768557589467E-07
312 341 85  0.3285 7.30827759226051E-10
313 341 85  0.3322 1.05753470962782E-08
314 341 85  0.437 9.643641992975E-08
315 341 85  0.3278 6.09555126403708E-07
316 345 86  0.3322 1.24906948477907E-09
317 345 86  0.3313 1.63635549845489E-08
318 345 86  0.3406 1.38508712049546E-07
319 349 87  0.3348 9.49412279278862E-11
320 349 87  0.3343 2.08774845690494E-09
321 349 87  0.3344 2.49401461723259E-08
322 349 87  0.3352 1.96478087557452E-07
323 353 88  0.3387 1.79791730412872E-10
324 353 88  0.3573 3.42012026099608E-09
325 353 88  0.3461 3.74653089433095E-08
326 353 88  0.3381 2.75378302549178E-07
327 357 89  0.3839 3.28377403491986E-10
328 357 89  0.3448 5.50049725191414E-09
329 357 89  0.3456 5.55016003723346E-08
330 357 89  0.4581 3.81499751546034E-07
331 361 90  0.3468 5.81454409986374E-10
332 361 90  0.3445 8.69595783765777E-09
333 361 90  0.3464 8.11224129234416E-08
334 361 90  0.3441 5.22605250691192E-07
335 365 91  0.3484 1.0024159127589E-09
336 365 91  0.3475 1.35276490768891E-08
337 365 91  0.3478 1.17039567360218E-07
338 369 92  0.3523 7.25331207295807E-11
339 369 92  0.3502 1.68813677648827E-09
340 369 92  0.3591 2.07235971322635E-08
341 369 92  0.3506 1.6675081543337E-07
342 373 93  0.3553 1.39630427830793E-10
343 373 93  0.3543 2.78409564234469E-09
344 373 93  0.3541 3.12848589310408E-08
345 373 93  0.4666 2.34706375240273E-07
346 377 94  0.357 2.58454205690027E-10
347 377 94  0.3683 4.50508365839817E-09
348 377 94  0.3606 4.65668780618389E-08
349 377 94  0.3546 3.26494742360166E-07
350 381 95  0.3584 4.62681049856781E-10
351 381 95  0.3754 7.16287793534179E-09
352 381 95  0.3604 6.8377784175411E-08
353 381 95  0.3592 4.49043185742609E-07
354 385 96  0.3714 8.04980563672741E-10
355 385 96  0.3631 1.12026674959445E-08
356 385 96  0.361 9.90943717496441E-08
357 389 97  0.3666 5.51940378382439E-11
358 389 97  0.4265 1.36633588598485E-09
359 389 97  0.3658 1.72498256676409E-08
360 389 97  0.4751 1.41797446163621E-07
361 393 98  0.3735 1.08169623829187E-10
362 393 98  0.3675 2.26901396401669E-09
363 393 98  0.3664 2.61689586306016E-08
364 393 98  0.3692 2.00425984413817E-07
365 397 99  0.3704 2.03164545373794E-10
366 397 99  0.3709 3.69459493871002E-09
367 397 99  0.3693 3.91370751550284E-08
368 397 99  0.3711 2.79948855699477E-07
369 401 100  0.3743 3.68012807821253E-10
370 401 100  0.3742 5.90815275298378E-09
371 401 100  0.3766 5.77323586201751E-08
372 401 100  0.374 3.86554885919107E-07
373 405 101  0.3774 6.46542879360537E-10
374 405 101  0.4903 9.29030478687058E-09
375 405 101  0.3758 8.40399548920997E-08
376 405 101  0.375 5.2785474047304E-07
377 409 102  0.3773 1.10647708584798E-09
378 409 102  0.4004 1.4378694613955E-08
379 409 102  0.3803 1.20775812369678E-07
380 413 103  0.3825 8.35162151982643E-11
381 413 103  0.3896 1.85070014827003E-09
382 413 103  0.3813 2.19206995149303E-08
383 413 103  0.3801 1.71429109168496E-07
384 417 104  0.3832 1.59382084868775E-10
385 417 104  0.3853 3.03282937405624E-09
386 417 104  0.3851 3.29390958894071E-08
387 417 104  0.4952 2.40422053937091E-07
388 421 105  0.3964 2.92423159920734E-10
389 421 105  0.3889 4.87837758951663E-09
390 421 105  0.3875 4.88124280589393E-08
391 421 105  0.4064 3.33287311722537E-07
392 425 106  0.3905 5.19121294376881E-10
393 425 106  0.3901 7.71297981642823E-09
394 425 106  0.39 7.13711950865167E-08
395 425 106  0.3886 4.5685910523878E-07
396 429 107  0.4155 8.96174819360039E-10
397 429 107  0.3939 1.19991446198217E-08
398 429 107  0.3923 1.03011533707453E-07
399 433 108  0.3957 6.42057832623636E-11
400 433 108  0.4031 1.51019765235345E-09
401 433 108  0.514 1.83832759853264E-08
402 433 108  0.3964 1.46826152977818E-07
403 437 109  0.3979 1.24693221742641E-10
404 437 109  0.3979 2.49122848837055E-09
405 437 109  0.4191 2.77546801128233E-08
406 437 109  0.3993 2.06753526428353E-07
407 441 110  0.4074 2.31995022212826E-10
408 441 110  0.3994 4.03123518327862E-09
409 441 110  0.4023 4.13181170246498E-08
410 441 110  0.3983 2.8774258019713E-07
411 445 111  0.4043 4.16490754053416E-10
412 445 111  0.4046 6.40894198861111E-09
413 445 111  0.5154 6.06815975775983E-08
414 445 111  0.4043 3.9593384637328E-07
415 449 112  0.407 7.25681660046317E-10
416 449 112  0.4056 1.00223933938306E-08
417 449 112  0.4064 8.79599970387289E-08
418 453 113  0.4281 4.90993892532645E-11
419 453 113  0.4109 1.23251107110157E-09
420 453 113  0.4187 1.54309158876434E-08
421 453 113  0.4086 1.25896227607318E-07
422 457 114  0.415 9.72063073740631E-11
423 457 114  0.4128 2.04711807265102E-09
424 457 114  0.4142 2.34080456269084E-08
425 457 114  0.4171 1.7799937946992E-07
426 461 115  0.5336 1.83650388077864E-10
427 461 115  0.4153 3.33296555842376E-09
428 461 115  0.4162 3.50071950579825E-08
429 461 115  0.4155 2.48698797385484E-07
430 465 116  0.4195 3.33733479781209E-10
431 465 116  0.4186 5.32871126007357E-09
432 465 116  0.4378 5.16412925038246E-08
433 465 116  0.4698 3.43514417658385E-07
434 469 117  0.4238 5.87262845859088E-10
435 469 117  0.4245 8.37702297052339E-09
436 469 117  0.4248 7.51778153240944E-08
437 473 118  0.4267 3.73164758954201E-11
438 473 118  0.549 1.00570516135967E-09
439 473 118  0.4242 1.29620038213371E-08
440 473 118  0.4235 1.08050452971173E-07
441 477 119  0.4259 7.54485799353332E-11
442 477 119  0.4281 1.68235557745923E-09
443 477 119  0.4285 1.97566870052095E-08
444 477 119  0.429 1.53386751834425E-07
445 481 120  0.4451 1.44968517467402E-10
446 481 120  0.432 2.75646023318737E-09
447 481 120  0.4299 2.96823514361645E-08
448 481 120  0.4303 2.15152368978296E-07
449 485 121  0.5509 2.66959386463445E-10
450 485 121  0.4318 4.43239352897184E-09
451 485 121  0.433 4.39808374432894E-08
452 485 121  0.4336 2.98311068486508E-07
453 489 122  0.4371 4.74783989970207E-10
454 489 122  0.4354 7.00520624048718E-09
455 489 122  0.4349 6.43016683690663E-08
456 489 122  0.4429 4.08997314997888E-07
457 493 123  0.4381 8.20243621755042E-10
458 493 123  0.4373 1.08939478155856E-08
459 493 123  0.4422 9.28045214147153E-08
460 497 124  0.4449 5.82489493310784E-11
461 497 124  0.5527 1.38239495989847E-09
462 497 124  0.4529 1.66842946618538E-08
463 497 124  0.4406 1.32277731731544E-07
464 501 125  0.4452 1.14027327427481E-10
465 501 125  0.4441 2.27985302388409E-09
466 501 125  0.4423 2.51820194370835E-08
467 501 125  0.4434 1.86272752573798E-07
468 505 126  0.4553 2.13060648037009E-10
469 505 126  0.4452 3.68765835045504E-09
470 505 126  0.4457 3.74788320249877E-08
471 505 126  0.4466 2.59254175247043E-07
472 509 127  0.5776 3.83312772558368E-10
473 509 127  0.45 5.85986984070371E-09
474 509 127  0.4608 5.50318685571489E-08
475 509 127  0.4506 3.56763096720175E-07
476 513 128  0.453 6.68454053106987E-10
477 513 128  0.4515 9.15924439345989E-09
478 513 128  0.4544 7.97579016060004E-08
479 517 129  0.4542 4.46859090574191E-11
480 517 129  0.4549 1.13546029730594E-09
481 517 129  0.4569 1.40954170856936E-08
482 517 129  0.4558 1.1414318387461E-07
483 521 130  0.5728 8.93029245726399E-11
484 521 130  0.4596 1.88539913874328E-09
485 521 130  0.4667 2.13732285860178E-08
486 521 130  0.4614 1.61368694973594E-07
487 525 131  0.4601 1.69571257654705E-10
488 525 131  0.4613 3.06817056253794E-09
489 525 131  0.4594 3.19523326310714E-08
490 525 131  0.4622 2.25450876404455E-07
491 529 132  0.4714 3.08915573274779E-10
492 529 132  0.465 4.90252843634077E-09
493 529 132  0.4667 4.711991384208E-08
494 529 132  0.5789 3.11394963130171E-07
495 533 133  0.4677 5.441505411907E-10
496 533 133  0.4652 7.70246181127756E-09
497 533 133  0.4666 6.85773799127148E-08
498 537 134  0.468 3.40308519317963E-11
499 537 134  0.4909 9.32036875450427E-10
500 537 134  0.467 1.19114451365259E-08
501 537 134  0.4706 9.85416125169403E-08
502 541 135  0.4815 6.95797242859056E-11
503 541 135  0.4719 1.55866099629878E-09
504 541 135  0.5892 1.81458773200069E-08
505 541 135  0.474 1.39862007365598E-07
506 545 136  0.4743 1.34489953092716E-10
507 545 136  0.4788 2.55239826213154E-09
508 545 136  0.4742 2.72493278599582E-08
509 545 136  0.4743 1.96151418669398E-07
510 549 137  0.4771 2.48400687935384E-10
511 549 137  0.4778 4.10157014590002E-09
512 549 137  0.478 4.03588660319174E-08
513 549 137  0.4879 2.71932338008168E-07
514 553 138  0.6637 4.42327408771588E-10
515 553 138  0.4818 6.47791612960928E-09
516 553 138  0.4816 5.89843749645907E-08
517 553 138  0.481 3.7279462495904E-07
518 557 139  0.4848 7.64364441804483E-10
519 557 139  0.4837 1.00672229440241E-08
520 557 139  0.4825 8.51027580895583E-08
521 561 140  0.4884 5.3878937554162E-11
522 561 140  0.4851 1.28784004239787E-09
523 561 140  0.4886 1.54085362400786E-08
524 561 140  0.4974 1.21265946539539E-07
525 565 141  0.5982 1.0622892955137E-10
526 565 141  0.5104 2.12268052763827E-09
527 565 141  0.5104 2.32432092100068E-08
528 565 141  0.4912 1.70724008520775E-07
529 569 142  0.5028 1.99195394636561E-10
530 569 142  0.4952 3.43095073594436E-09
531 569 142  0.4926 3.45754194302869E-08
532 569 142  0.4914 2.37562977335779E-07
533 573 143  0.4985 3.58911132623339E-10
534 573 143  0.6138 5.44777999325005E-09
535 573 143  0.4961 5.07451871901121E-08
536 573 143  0.4949 3.26853232182675E-07
537 577 144  0.4981 6.26125201620418E-10
538 577 144  0.4972 8.50870096674278E-09
539 577 144  0.4963 7.35147949885325E-08
540 581 145  0.5069 4.14190760515751E-11
541 581 145  0.5012 1.06327656197121E-09
542 581 145  0.503 1.30849456558891E-08
543 581 145  0.5037 1.05169707199672E-07
544 585 146  0.6115 8.34923367141833E-11
545 585 146  0.5159 1.76446052747517E-09
546 585 146  0.5032 1.98278717447423E-08
547 585 146  0.503 1.4863357875003E-07
548 589 147  0.5058 1.59212829417836E-10
549 589 147  0.5059 2.8691402197297E-09
550 589 147  0.515 2.96241938286119E-08
551 589 147  0.5051 2.07597050996874E-07
552 593 148  0.5111 2.90590079525212E-10
553 593 148  0.5333 4.58067119494103E-09
554 593 148  0.6164 4.36626976536426E-08
555 593 148  0.5184 2.86659480502669E-07
556 597 149  0.5123 5.12140295167205E-10
557 597 149  0.5118 7.19078766071449E-09
558 597 149  0.5125 6.35141895545323E-08
559 601 150  0.5154 3.15768440591282E-11
560 601 150  0.5148 8.77019820199114E-10
561 601 150  0.5157 1.11112947172494E-08
562 601 150  0.5163 9.12250803687585E-08
563 605 151  0.6276 6.52416685111918E-11
564 605 151  0.519 1.46574715208673E-09
565 605 151  0.5167 1.69143326240382E-08
566 605 151  0.5178 1.29424658344342E-07
567 609 152  0.5213 1.26761653340378E-10
568 609 152  0.522 2.39828159745372E-09
569 609 152  0.5201 2.53825267471965E-08
570 609 152  0.5217 1.81446185296067E-07
571 613 153  0.5275 2.34663115839101E-10
572 613 153  0.6314 3.85045336575964E-09
573 613 153  0.5253 3.75702728624721E-08
574 613 153  0.524 2.51461023548356E-07
575 617 154  0.5282 4.1816928538693E-10
576 617 154  0.5267 6.07579669526335E-09
577 617 154  0.5265 5.48773574447178E-08
578 617 154  0.5247 3.44624439368827E-07
579 621 155  0.5291 7.22522115507032E-10
580 621 155  0.5552 9.43404749720832E-09
581 621 155  0.6421 7.91355140098316E-08
582 625 156  0.5337 5.06318780610281E-11
583 625 156  0.5371 1.21660155475896E-09
584 625 156  0.5346 1.4427525959523E-08
585 625 156  0.5314 1.12708818785792E-07
586 629 157  0.5342 1.00464569966523E-10
587 629 157  0.533 2.00354626856736E-09
588 629 157  0.5318 2.17467779180047E-08
589 629 157  0.5361 1.58606958179375E-07
590 633 158  0.6502 1.889181535629E-10
591 633 158  0.5364 3.23531663525098E-09
592 633 158  0.5371 3.2326640780253E-08
593 633 158  0.5374 2.20612441816829E-07
594 637 159  0.548 3.40728192668289E-10
595 637 159  0.5488 5.13215567219379E-09
596 637 159  0.5405 4.74140170684662E-08
597 637 159  0.5399 3.03418290639686E-07
598 641 160  0.5485 5.94383312739932E-10
599 641 160  0.652 8.00816437952744E-09
600 641 160  0.5523 6.8647979097622E-08
601 645 161  0.5473 3.8980359861549E-11
602 645 161  0.5455 1.00878799656295E-09
603 645 161  0.5463 1.23041488119971E-08
604 645 161  0.5464 9.81533886426691E-08
605 649 162  0.5573 7.91906295427654E-11
606 649 162  0.5481 1.67257912339924E-09
607 649 162  0.57 1.86291530314204E-08
608 649 162  0.6567 1.38647283918378E-07
609 653 163  0.5528 1.51541366900315E-10
610 653 163  0.5592 2.71702268953857E-09
611 653 163  0.554 2.78116072798103E-08
612 653 163  0.5527 1.93558147183647E-07
613 657 164  0.5557 2.76944319036048E-10
614 657 164  0.5548 4.33334380695007E-09
615 657 164  0.5541 4.09617872005041E-08
616 657 164  0.6699 2.67157562134596E-07
617 661 165  0.5567 4.88139362605355E-10
618 661 165  0.5573 6.79565033840596E-09
619 661 165  0.5582 5.95458941789415E-08
620 665 166  0.5611 2.97308924113032E-11
621 665 166  0.5631 8.35465786428447E-10
622 665 166  0.561 1.0490597188373E-08
623 665 166  0.5639 8.54729826369558E-08
624 669 167  0.5785 6.20258245383236E-11
625 669 167  0.6769 1.39507863270082E-09
626 669 167  0.5639 1.59549859921973E-08
627 669 167  0.566 1.21194901252409E-07
628 673 168  0.5662 1.21044500724201E-10
629 673 168  0.5765 2.28029192622428E-09
630 673 168  0.6707 2.39226905806466E-08
631 673 168  0.5684 1.69818459156485E-07
632 677 169  0.5751 2.24455419218799E-10
633 677 169  0.7376 3.65704936521543E-09
634 677 169  0.5953 3.53818362513905E-08
635 677 169  0.5702 2.35230214505926E-07
636 681 170  0.5745 4.00090233436032E-10
637 681 170  0.5733 5.76442810436162E-09
638 681 170  0.5818 5.16433299696845E-08
639 685 171  0.5741 2.2441064629354E-11
640 685 171  0.5745 6.90954529990456E-10
641 685 171  0.5843 8.94136675789641E-09
642 685 171  0.7059 7.44217241376024E-08
643 689 172  0.5769 4.82216407024881E-11
644 689 172  0.5825 1.16242565552422E-09
645 689 172  0.5779 1.36607920129133E-08
646 689 172  0.5761 1.05928566865485E-07
647 693 173  0.5947 9.62056872466349E-11
648 693 173  0.5841 1.91229755387731E-09
649 693 173  0.5849 2.05723986236207E-08
650 693 173  0.6916 1.48978269585104E-07
651 697 174  0.5829 1.81310900971927E-10
652 697 174  0.6303 3.08447269884834E-09
653 697 174  0.5878 3.05550673677854E-08
654 697 174  0.5863 2.07105617201824E-07
655 701 175  0.6349 3.27166340885087E-10
656 701 175  0.6058 4.88734540933465E-09
657 701 175  0.5878 4.47804021236051E-08
658 701 175  0.7119 2.84694901135589E-07
659 705 176  0.5911 5.70499707210727E-10
660 705 176  0.607 7.61784042647514E-09
661 705 176  0.6087 6.47875164913481E-08
662 709 177  0.5945 3.71627532241142E-11
663 709 177  0.6072 9.67424600686209E-10
664 709 177  0.5946 1.16923553381504E-08
665 709 177  0.5958 9.25703816568007E-08
666 713 178  0.7105 7.6024246569449E-11
667 713 178  0.5967 1.60225829403855E-09
668 713 178  0.5979 1.76856972708127E-08
669 713 178  0.6055 1.30677065975609E-07
670 717 179  0.5985 1.45889065546211E-10
671 717 179  0.5964 2.59974039305662E-09
672 717 179  0.5993 2.63792693834773E-08
673 717 179  0.6002 1.82321696213917E-07
674 721 180  0.7061 2.6682225168906E-10
675 721 180  0.6035 4.14138337385118E-09
676 721 180  0.602 3.8819420228158E-08
677 721 180  0.5997 2.51506008904191E-07
678 725 181  0.6137 4.70162208234942E-10
679 725 181  0.6039 6.48715268902322E-09
680 725 181  0.6026 5.63870989192258E-08
681 729 182  0.7188 2.834969465053E-11
682 729 182  0.6057 8.04033062596154E-10
683 729 182  0.6048 1.00034111278769E-08
684 729 182  0.6054 8.08791349284921E-08
685 733 183  0.6083 5.96666168675765E-11
686 733 183  0.6098 1.34111454711057E-09
687 733 183  0.6157 1.51984170616096E-08
688 733 183  0.6365 1.1460180418411E-07
689 737 184  0.7269 1.16860022134545E-10
690 737 184  0.6136 2.18943775696044E-09
691 737 184  0.6237 2.27663869431173E-08
692 737 184  0.6129 1.60475698988916E-07
693 741 185  0.6161 2.16939617483256E-10
694 741 185  0.6178 3.50701971597933E-09
695 741 185  0.6156 3.36413529276678E-08
696 741 185  0.6221 2.22152254384293E-07
697 745 186  0.7242 3.8663626911213E-10
698 745 186  0.6177 5.5212835669015E-09
699 745 186  0.6185 4.90616178595456E-08
700 749 187  0.6324 2.13770539865037E-11
701 749 187  0.6176 6.67195051229828E-10
702 749 187  0.6199 8.55437103632788E-09
703 749 187  0.6198 7.06455825124544E-08
704 753 188  0.7368 4.64570983854893E-11
705 753 188  0.6252 1.12122224339323E-09
706 753 188  0.6273 1.30553542912755E-08
707 753 188  0.6221 1.00479270473845E-07
708 757 189  0.6279 9.31185146131215E-11
709 757 189  0.6277 1.84222618511862E-09
710 757 189  0.6276 1.96406131317113E-08
711 757 189  0.6304 1.41215591870275E-07
712 761 190  0.7342 1.75759193931856E-10
713 761 190  0.6289 2.96765931511917E-09
714 761 190  0.6293 2.91433903441723E-08
715 761 190  0.6519 1.96184550095044E-07
716 765 191  0.6326 3.1716436746411E-10
717 765 191  0.6399 4.69634539067398E-09
718 765 191  0.6374 4.26733892297351E-08
719 765 191  0.7403 2.69514072692097E-07
720 769 192  0.6349 5.52664271027952E-10
721 769 192  0.6471 7.31131424243274E-09
722 769 192  0.6351 6.16873510832186E-08
723 773 193  0.6382 3.58341095704245E-11
724 773 193  0.6393 9.36149025176037E-10
725 773 193  0.6381 1.12090826880422E-08
726 773 193  0.7513 8.80713058991735E-08
727 777 194  0.645 7.37451918973776E-11
728 777 194  0.6398 1.54850112634157E-09
729 777 194  0.6428 1.69365278980355E-08
730 777 194  0.6425 1.24233399145295E-07
731 781 195  0.6443 1.41815135252665E-10
732 781 195  0.6467 2.5091983885748E-09
733 781 195  0.6525 2.52364488112582E-08
734 781 195  0.6439 1.73209386543327E-07
735 785 196  0.6444 2.59442373083359E-10
736 785 196  0.6479 3.99193376900243E-09
737 785 196  0.6454 3.71026815425786E-08
738 785 196  0.6552 2.38776379159388E-07
739 789 197  0.6553 4.5686953100495E-10
740 789 197  0.6515 6.24518487952475E-09
741 789 197  0.7589 5.38456872762468E-08
742 793 198  0.6846 2.73375692219992E-11
743 793 198  0.6546 7.80458259240482E-10
744 793 198  0.6534 9.61879312742309E-09
745 793 198  0.6546 7.71694790292405E-08
746 797 199  0.6656 5.79872670428452E-11
747 797 199  0.6589 1.30011998881475E-09
748 797 199  0.7806 1.45976169115706E-08
749 797 199  0.6552 1.09259120674902E-07
750 801 200  0.6698 1.13890313873391E-10
751 801 200  0.6574 2.11963764365361E-09
752 801 200  0.6614 2.18433318718558E-08
753 801 200  0.6595 1.52880146738931E-07
754 805 201  0.6985 2.11540486364623E-10
755 805 201  0.7707 3.39061969550991E-09
756 805 201  0.6634 3.22454065431257E-08
757 805 201  0.6613 2.11487531177651E-07
758 809 202  0.699 3.7681844316919E-10
759 809 202  0.6635 5.33104141533642E-09
760 809 202  0.6637 4.69819213580507E-08
761 813 203  0.6691 2.05922340904268E-11
762 813 203  0.7886 6.49572895372184E-10
763 813 203  0.6818 8.24931065269625E-09
764 813 203  0.6693 6.75915326085735E-08
765 817 204  0.6721 4.5212719098201E-11
766 817 204  0.6777 1.09019331225111E-09
767 817 204  0.6691 1.25749973007296E-08
768 817 204  0.6721 9.60555610816448E-08
769 821 205  0.801 9.09610847020598E-11
770 821 205  0.7025 1.78875391585696E-09
771 821 205  0.6741 1.88970578310807E-08
772 821 205  0.6706 1.34892122655822E-07
773 825 206  0.6737 1.71849337317714E-10
774 825 206  0.6848 2.87749246940773E-09
775 825 206  0.7839 2.80109162810282E-08
776 825 206  0.6732 1.87259475767522E-07
777 829 207  0.6764 3.09991644919421E-10
778 829 207  0.688 4.54746571594988E-09
779 829 207  0.6756 4.09750286201174E-08
780 833 208  0.6793 1.52929110453033E-11
781 833 208  0.6818 5.39620703928927E-10
782 833 208  0.816 7.07034308403426E-09
783 833 208  0.68 5.91777071530546E-08
784 837 209  0.6835 3.49029021718699E-11
785 837 209  0.681 9.12865910445787E-10
786 837 209  0.6928 1.08263600768528E-08
787 837 209  0.6814 8.44144170478208E-08
788 841 210  0.6929 7.21884516233528E-11
789 841 210  0.7959 1.50784494342872E-09
790 841 210  0.6977 1.63393675777252E-08
791 841 210  0.6877 1.18976579540497E-07
792 845 211  0.6881 1.39015215660322E-10
793 845 211  0.6875 2.43980220621615E-09
794 845 211  0.6954 2.43202080065659E-08
795 845 211  0.6979 1.65749670371261E-07
796 849 212  0.8198 2.54267124453286E-10
797 849 212  0.6927 3.87606250896672E-09
798 849 212  0.6923 3.57190395190905E-08
799 849 212  0.6934 2.28321547746296E-07
800 853 213  0.6943 4.473360091738E-10
801 853 213  0.695 6.05573784310301E-09
802 853 213  0.8075 5.17876938761856E-08
803 857 214  0.696 2.66296429406911E-11
804 857 214  0.7007 7.6317629225279E-10
805 857 214  0.6963 9.31510318229332E-09
806 857 214  0.6984 7.41522470307939E-08
807 861 215  0.7014 5.68627536784339E-11
808 861 215  0.7105 1.26949425519391E-09
809 861 215  0.8431 1.41197364960168E-08
810 861 215  0.7031 1.0489630106546E-07
811 865 216  0.7204 1.1190662470693E-10
812 865 216  0.7064 2.06663522393359E-09
813 865 216  0.7136 2.11043465478606E-08
814 865 216  0.7041 1.46654543791901E-07
815 869 217  0.8225 2.07866589366281E-10
816 869 217  0.7055 3.30102588644904E-09
817 869 217  0.7158 3.11212954304106E-08
818 869 217  0.703 2.02715972089672E-07
819 873 218  0.7079 3.69952224246846E-10
820 873 218  0.706 5.18292206042544E-09
821 873 218  0.7233 4.52984862802886E-08
822 877 219  0.8266 2.00388032644882E-11
823 877 219  0.7347 6.3691149621708E-10
824 877 219  0.7129 8.00948552850734E-09
825 877 219  0.7142 6.51074763265343E-08
826 881 220  0.7159 4.43976493445504E-11
827 881 220  0.7163 1.06737135006293E-09
828 881 220  0.8319 1.21941454216492E-08
829 881 220  0.7138 9.24417626558875E-08
830 885 221  0.726 8.95757661232188E-11
831 885 221  0.718 1.74864781455263E-09
832 885 221  0.7258 1.83031567237782E-08
833 885 221  0.7152 1.29705504625167E-07
834 889 222  0.7214 1.6928728571122E-10
835 889 222  0.8243 2.80875313344417E-09
836 889 222  0.7391 2.71005080244273E-08
837 889 222  0.7269 1.79911536951936E-07
838 893 223  0.725 3.05135975827211E-10
839 893 223  0.7255 4.43241713869658E-09
840 893 223  0.7317 3.96017357767479E-08
841 897 224  0.8405 1.48459184675962E-11
842 897 224  0.7285 5.30495743486281E-10
843 897 224  0.7386 6.88199778739953E-09
844 897 224  0.7276 5.71375959395722E-08
845 901 225  0.7285 3.43055442304574E-11
846 901 225  0.7316 8.96095441180593E-10
847 901 225  0.8554 1.05242849628291E-08
848 901 225  0.7286 8.14276568109526E-08
849 905 226  0.7368 7.12321213788182E-11
850 905 226  0.7349 1.4778399631768E-09
851 905 226  0.7352 1.58640516800396E-08
852 905 226  0.7359 1.1466401790065E-07
853 909 227  0.8621 1.37271519691784E-10
854 909 227  0.7493 2.38755579766385E-09
855 909 227  0.7375 2.35855234269299E-08
856 909 227  0.7345 1.59605174924023E-07
857 913 228  0.7391 2.50920119522543E-10
858 913 228  0.7478 3.7873960079656E-09
859 913 228  0.7457 3.46023488608783E-08
860 913 228  0.844 2.19677936482609E-07
861 917 229  0.7416 4.40896650748464E-10
862 917 229  0.7464 5.9087907408931E-09
863 917 229  0.7627 5.01169947258911E-08
864 921 230  0.744 2.61793084862511E-11
865 921 230  0.7571 7.51064652127428E-10
866 921 230  0.8532 9.07684600101494E-09
867 921 230  0.7434 7.16898527944838E-08
868 925 231  0.7473 5.62088617054566E-11
869 925 231  0.7477 1.24735990498407E-09
870 925 231  0.7469 1.37411598208834E-08
871 925 231  0.7472 1.01318552991873E-07
872 929 232  0.8679 1.10754720332461E-10
873 929 232  0.7508 2.02737932012131E-09
874 929 232  0.7516 2.05139646249123E-08
875 929 232  0.7494 1.41526691341998E-07
876 933 233  0.7661 2.05632767147037E-10
877 933 233  0.7546 3.23333009911312E-09
878 933 233  0.8603 3.02165451269772E-08
879 933 233  0.7515 1.95461687175475E-07
880 937 234  0.7539 3.65537332080252E-10
881 937 234  0.7536 5.06916471739417E-09
882 937 234  0.7518 4.39346433444483E-08
883 941 235  0.766 1.96857750874542E-11
884 941 235  0.8679 6.28366194532498E-10
885 941 235  0.7585 7.82278988736982E-09
886 941 235  0.7564 6.30831726959626E-08
887 945 236  0.7581 4.39513066710518E-11
888 945 236  0.7586 1.05134175432545E-09
889 945 236  0.759 1.1894280920114E-08
890 945 236  0.9002 8.94811559855378E-08
891 949 237  0.7639 8.88460275189803E-11
892 949 237  0.7638 1.71957384902603E-09
893 949 237  0.762 1.78309870655148E-08
894 949 237  0.7735 1.25435704411694E-07
895 953 238  0.7685 1.67866508265232E-10
896 953 238  0.8776 2.75766327610565E-09
897 953 238  0.7755 2.63705705450955E-08
898 953 238  0.7673 1.73835831225386E-07
899 957 239  0.7675 3.02230311786116E-10
900 957 239  0.7684 4.34518304168567E-09
901 957 239  0.78 3.84925014696338E-08
902 961 240  0.8805 1.45506981844917E-11
903 961 240  0.7714 5.24652839338154E-10
904 961 240  0.7809 6.73685577713725E-09
905 961 240  0.7718 5.5478877213065E-08
906 965 241  0.7742 3.39966123462932E-11
907 965 241  0.8812 8.84759477378988E-10
908 965 241  0.7831 1.02883417182797E-08
909 965 241  0.7752 7.89847137364577E-08
910 969 242  0.7777 7.07932302284866E-11
911 969 242  0.7837 1.45670052987018E-09
912 969 242  0.7816 1.54885683426029E-08
913 969 242  0.8935 1.11117934486801E-07
914 973 243  0.7806 1.36432096907982E-10
915 973 243  0.7927 2.34955352994801E-09
916 973 243  0.7802 2.2999475644697E-08
917 973 243  0.7993 1.54528005335638E-07
918 977 244  0.797 2.49123648032576E-10
919 977 244  0.8932 3.72127142838969E-09
920 977 244  0.7814 3.37039621310113E-08
921 977 244  0.7857 2.12503991591886E-07
922 981 245  0.7937 4.37081842030687E-10
923 981 245  0.7838 5.79699791090584E-09
924 981 245  0.7896 4.87628244676084E-08
925 985 246  0.9152 2.59559148834603E-11
926 985 246  0.788 7.43314066443533E-10
927 985 246  0.7901 8.89263481585557E-09
928 985 246  0.7881 6.96807584304726E-08
929 989 247  0.7924 5.59633766823922E-11
930 989 247  0.903 1.23236601901848E-09
931 989 247  0.7933 1.34444815161429E-08
932 989 247  0.8029 9.83819894561055E-08
933 993 248  0.795 1.10322087147881E-10
934 993 248  0.7916 1.99963331722176E-09
935 993 248  0.7963 2.00460429693149E-08
936 993 248  0.9021 1.37295084807042E-07
937 997 249  0.7961 2.04634854233673E-10
938 997 249  0.7997 3.18392531378283E-09
939 997 249  0.806 2.94924584645583E-08
940 997 249  0.7953 1.89446173757859E-07
941 1001 250  0.8751 3.63223129980696E-10
942 1001 250  0.922 4.98405735381598E-09
943 1001 250  0.8002 4.2833769391633E-08
944 1005 251  0.826 1.95095279490863E-11
945 1005 251  0.8046 6.23319687213886E-10
946 1005 251  0.807 7.6803199744677E-09
947 1005 251  0.9234 6.14369020705949E-08
948 1009 252  0.8046 4.38293243840859E-11
949 1009 252  0.8355 1.04106452923159E-09
950 1009 252  0.8047 1.16617167481493E-08
951 1009 252  0.8047 8.70573148508106E-08
952 1013 253  0.8242 8.86858761040298E-11
953 1013 253  0.9163 1.69981489716988E-09
954 1013 253  0.8104 1.74598439922024E-08
955 1013 253  0.8079 1.21919195524617E-07
956 1017 254  0.8128 1.67435351013275E-10
957 1017 254  0.8118 2.72143347947193E-09
958 1017 254  0.8195 2.57902385159008E-08
959 1017 254  0.9304 1.68804719544556E-07
960 1021 255  0.816 3.0100992196486E-10
961 1021 255  0.8134 4.28131280675727E-09
962 1021 255  0.8223 3.76018938384551E-08
963 1025 256  0.8179 1.43935511043626E-11
964 1025 256  0.9276 5.21627987423513E-10
965 1025 256  0.8173 6.62791133217141E-09
966 1025 256  0.8166 5.41356722743452E-08
967 1029 257  0.8193 3.3944160219133E-11
968 1029 257  0.8193 8.78070072811906E-10
969 1029 257  0.8338 1.01077222864768E-08
970 1029 257  0.9308 7.69915584164956E-08
971 1033 258  0.855 7.08091068603193E-11
972 1033 258  0.833 1.44311242310427E-09
973 1033 258  0.8237 1.51964641397254E-08
974 1033 258  0.829 1.08205182509097E-07
975 1037 259  0.9362 1.36384375739769E-10
976 1037 259  0.8223 2.32363915079686E-09
977 1037 259  0.8256 2.25373858362714E-08
978 1037 259  0.8219 1.50332750813707E-07
979 1041 260  0.8367 2.48677796475606E-10
980 1041 260  0.9429 3.67422395873313E-09
981 1041 260  0.8257 3.29874867568852E-08
982 1045 261  0.8415 1.03997837225447E-11
983 1045 261  0.8293 4.35535900106127E-10
984 1045 261  0.83 5.71489191225546E-09
985 1045 261  0.8409 4.76721679603334E-08
986 1049 262  0.9429 2.5935646917692E-11
987 1049 262  0.8343 7.39318904506571E-10
988 1049 262  0.8318 8.75395888316067E-09
989 1049 262  0.8356 6.80486520133752E-08
990 1053 263  0.8401 5.60838307419916E-11
991 1053 263  0.9464 1.22349780628188E-09
992 1053 263  0.8471 1.32167238461573E-08
993 1053 263  0.8386 9.59783129703568E-08
994 1057 264  0.8396 1.10523853242329E-10
995 1057 264  0.848 1.98173413684363E-09
996 1057 264  0.954 1.9680957592156E-08
997 1057 264  0.8402 1.33808202650166E-07
998 1061 265  0.8887 2.0472775779896E-10
999 1061 265  0.846 3.15012061514169E-09
