5000 1.77046670288041 0.735351125582241 1.77725657859424 1.39023009213443
10000 1.25629267952537 0.0885509510807765 1.25671017863239 0.0952959380445293
15000 1.0243290977751 0.0388006010378206 1.02609956407042 0.466950476193489
20000 0.886964826719333 0.0418053217190959 0.888628289297121 0.550928521346179
25000 0.793590421079097 0.0208423314141726 0.794813304639085 0.226769083293277
30000 0.725260151541127 0.189138348248832 0.725561959926754 0.223297408581232
35000 0.669697935628462 0.0453520730336834 0.671739846130555 0.233837893330957
40000 0.627795564155735 0.396581562922108 0.628355089316196 0.450379653505763
45000 0.591402279946643 0.0933068110521162 0.592418859531414 0.210597991328029
50000 0.562278340433259 0.133154035265107 0.562017877487586 0.427867774219976
55000 0.53476370963596 0.233023081351405 0.535863020671626 0.414070481756085
60000 0.511677420611537 0.0764891145084619 0.51304978203521 0.133801684621204
65000 0.491708779317695 0.007901058895186 0.492922286444403 0.118063459591554
70000 0.474168430609285 0.0748370778927665 0.474991800392123 0.105134011979942
75000 0.458353754732918 0.0246562625603701 0.458885675388872 0.165581679858377
80000 0.44402571871855 0.0569719210241431 0.444314144648561 0.0381086869246303
85000 0.430325679101321 0.0877934460744143 0.431048035139289 0.0902813432260814
90000 0.417811020071059 0.0170739359774927 0.418903392877464 0.168624014623902
95000 0.406834510673697 0.0358280303427989 0.407730622254482 0.00702876193480506
100000 0.397044593376282 0.170310055247427 0.397406652319542 0.141179348251484
105000 0.387171501803633 0.111791199926415 0.387829180988874 0.0419138391519596
110000 0.378799751958948 0.0403950854081074 0.378912375704014 0.130123969056825
115000 0.369964000562293 0.116786993488262 0.37058361411466 0.333889229402132
120000 0.362206940071495 0.0912904183622629 0.362780979963377 0.104004890980406
125000 0.355112733968765 0.00821067190028657 0.355451315718848 0.0741017975388445
130000 0.348242475533 0.000995008721730528 0.348548691342815 0.0100203379981565
135000 0.341433543294047 0.0135062658025333 0.342033188023473 0.0352298047269244
140000 0.335640612725286 0.0829655013710919 0.335869923065278 0.174460755432392
145000 0.329759170091452 0.138432944333999 0.330028261389448 0.0673186192805701
150000 0.323791201731966 0.0300216435458651 0.32448117285684 0.0610357566920925
155000 0.318696016232274 0.119164769248329 0.319204704577492 0.109985109597858
160000 0.313753619890468 0.181883532767074 0.314177544658098 0.163738793068205
165000 0.308915010835768 0.0971609214048499 0.309380659233529 0.0920533744192085
170000 0.304408940657491 0.182036861328129 0.304796988664129 0.287120368291369
175000 0.299993762202943 0.157410565726366 0.300411191828634 0.077454248967058
180000 0.295808748897854 0.0266659720391544 0.296209429765707 0.121449453521876
185000 0.29175281099413 0.0556751448696957 0.292179181702678 0.143425433127589
190000 0.288112463547001 0.0511913262331802 0.288309087893555 0.0961978246789101
195000 0.284233675535355 0.191643346362383 0.284588814768242 0.131587493921018
200000 0.280659587856931 0.0609043131782698 0.281008938743793 0.00143352100096195
205000 0.2772620014014 0.0879752484158018 0.277560845720336 0.0356375488240133
210000 0.273821875174564 0.070336756468464 0.274236643819257 0.0764076601488171
215000 0.270697319687468 0.0289134535170206 0.271029087349838 0.0666035607088702
220000 0.267586694252756 0.00907284503045958 0.267931510335813 0.0525123303472981
225000 0.264516621081455 0.0621804579090508 0.264937768213028 0.0142400643862004
230000 0.261677285360755 0.173136565855458 0.262042186537095 0.203442363066046
235000 0.258947129050685 0.0736911258610746 0.259239515726226 0.100047882522261
240000 0.256283457052726 0.0495777949652449 0.256524891017605 0.0837232846538711
245000 0.253630258255209 0.0704474772924186 0.253893796942035 0.105721060488833
250000 0.250790227757588 0.206048321362374 0.251342035726478 0.187339225470822
255000 0.248516677208386 0.068464242324012 0.248865699121328 0.00836164776052328
260000 0.246004259658268 0.0348301721255098 0.246461143222201 0.0150653601943418
265000 0.243901827679259 0.031755718699003 0.244124965917223 0.0311197324326997
270000 0.241623184105451 0.145562844701885 0.241853986642251 0.191343967525199
275000 0.239390035177282 0.062875763829453 0.239645228170026 0.0526405664742526
280000 0.237237220860504 0.0389925787225707 0.237495900196062 0.00675369357438171
285000 0.2351992552298 0.0133741506762135 0.235403384515479 0.0844080328863583
290000 0.233056177150292 0.0732582863535356 0.233365221611685 0.0680671197304719
295000 0.231155486928742 0.0456459080037916 0.231379098500689 0.0451088407792781
