Problem B
Random square matrix A
A = 
      3.18       3.81        5.4      0.314       6.51 
      9.62        2.6       0.98       2.19       9.94 
      0.19       4.86       3.04       0.89       7.87 
      3.83      0.575       2.08      0.805      0.506 
     0.648       8.81       7.16       5.81        8.4 
B inverse of Q*R.
B = 
    -0.326    -0.0533      0.421      0.665     -0.119 
     -1.27       -0.4       1.78       2.02     -0.334 
     0.661     0.0637     -0.743     -0.697      0.151 
     0.441      0.252     -0.985      -1.01      0.344 
     0.484      0.195     -0.582     -0.882      0.112 
A * B = 
         1          0   8.88e-16  -8.88e-16   3.33e-16 
 -8.88e-16          1  -8.88e-16          0          0 
 -1.33e-15  -4.44e-16          1  -8.88e-16  -3.33e-16 
 -2.78e-16   3.47e-16     -5e-16          1  -8.26e-16 
  8.88e-16   2.22e-16          0  -6.22e-15          1 
