0.0000000000000000 0.0000000000000000 0.0000000000000000
0.0100000000000000 0.0089669511362440 0.0000448347556812
0.0200000000000000 0.0179339022724881 0.0001793390227249
0.0300000000000000 0.0269008534087321 0.0004035128011310
0.0400000000000000 0.0358678045449762 0.0007173560908995
0.0500000000000000 0.0448347556812202 0.0011208688920305
0.0600000000000000 0.0538017068174642 0.0016140512045239
0.0700000000000000 0.0627686579537083 0.0021969030283798
0.0800000000000000 0.0717356090899523 0.0028694243635981
0.0900000000000000 0.0807025602261963 0.0036316152101788
0.1000000000000000 0.0896695113624404 0.0044834755681220
0.1100000000000000 0.0986364624986844 0.0054250054374276
0.1200000000000000 0.1076034136349280 0.0064562048180957
0.1300000000000000 0.1165703647711720 0.0075770737101262
0.1400000000000000 0.1255373159074170 0.0087876121135192
0.1500000000000000 0.1345042670436610 0.0100878200282745
0.1600000000000000 0.1434712181799050 0.0114776974543924
0.1700000000000000 0.1524381693161490 0.0129572443918726
0.1800000000000000 0.1614051204523930 0.0145264608407153
0.1900000000000000 0.1703720715886370 0.0161853468009205
0.2000000000000000 0.1793390227248810 0.0179339022724881
0.2100000000000000 0.1883059738611250 0.0197721272554181
0.2200000000000000 0.1972729249973690 0.0217000217497106
0.2300000000000000 0.2062398761336130 0.0237175857553655
0.2400000000000000 0.2152068272698570 0.0258248192723828
0.2500000000000000 0.2241737784061010 0.0280217223007626
0.2600000000000000 0.2331407295423450 0.0303082948405049
0.2700000000000000 0.2421076806785890 0.0326845368916095
0.2800000000000000 0.2510746318148330 0.0351504484540766
0.2900000000000000 0.2600415829510770 0.0377060295279062
0.3000000000000000 0.2690085340873210 0.0403512801130982
0.3100000000000000 0.2779754852235650 0.0430862002096526
0.3200000000000000 0.2869424363598090 0.0459107898175695
0.3300000000000000 0.2959093874960530 0.0488250489368488
0.3400000000000000 0.3048763386322970 0.0518289775674906
0.3500000000000000 0.3138432897685410 0.0549225757094948
0.3600000000000000 0.3228102409047850 0.0581058433628614
0.3700000000000000 0.3317771920410300 0.0613787805275905
0.3800000000000000 0.3407441431772740 0.0647413872036820
0.3900000000000000 0.3497110943135180 0.0681936633911360
0.4000000000000000 0.3586780454497620 0.0717356090899524
0.4100000000000000 0.3676449965860060 0.0753672243001312
0.4200000000000000 0.3766119477222500 0.0790885090216725
0.4300000000000000 0.3855788988584940 0.0828994632545762
0.4400000000000000 0.3945458499947380 0.0868000869988424
0.4500000000000000 0.4035128011309820 0.0907903802544710
0.4600000000000000 0.4124797522672260 0.0948703430214620
0.4700000000000000 0.4214467034034700 0.0990399752998155
0.4800000000000000 0.4304136545397140 0.1032992770895310
0.4900000000000000 0.4393806056759580 0.1076482483906100
0.5000000000000000 0.4483475568122020 0.1120868892030510
0.5100000000000000 0.4573145079484460 0.1166151995268540
0.5200000000000000 0.4662814590846900 0.1212331793620190
0.5300000000000000 0.4752484102209340 0.1259408287085480
0.5400000000000000 0.4842153613571780 0.1307381475664380
0.5500000000000000 0.4931823124934220 0.1356251359356910
0.5600000000000000 0.5021492636296660 0.1406017938163070
0.5700000000000000 0.5111162147659100 0.1456681212082850
0.5800000000000000 0.5200831659021540 0.1508241181116250
0.5900000000000000 0.5290501170383980 0.1560697845263280
0.6000000000000000 0.5380170681746420 0.1614051204523930
0.6100000000000000 0.5469840193108870 0.1668301258898200
0.6200000000000000 0.5559509704471310 0.1723448008386110
0.6300000000000000 0.5649179215833750 0.1779491452987630
0.6400000000000000 0.5738848727196190 0.1836431592702780
0.6500000000000000 0.5828518238558630 0.1894268427531550
0.6600000000000000 0.5918187749921070 0.1953001957473950
0.6700000000000000 0.6007857261283510 0.2012632182529980
0.6800000000000000 0.6097526772645950 0.2073159102699620
0.6900000000000000 0.6187196284008390 0.2134582717982900
0.7000000000000000 0.6276865795370830 0.2196903028379790
0.7100000000000000 0.6366535306733270 0.2260120033890310
0.7200000000000000 0.6456204818095710 0.2324233734514460
0.7300000000000000 0.6545874329458150 0.2389244130252230
0.7400000000000000 0.6635543840820590 0.2455151221103620
0.7500000000000000 0.6725213352183030 0.2521955007068640
0.7600000000000000 0.6814882863545470 0.2589655488147280
0.7700000000000000 0.6904552374907910 0.2658252664339550
0.7800000000000000 0.6994221886270350 0.2727746535645440
0.7900000000000000 0.7083891397632790 0.2798137102064950
0.8000000000000000 0.7173560908995230 0.2869424363598100
0.8100000000000000 0.7208838098012980 0.2941336358633140
0.8200000000000010 0.7244115287030730 0.3013601125558360
0.8300000000000010 0.7279392476048480 0.3086218664373750
0.8400000000000010 0.7314669665066220 0.3159188975079320
0.8500000000000010 0.7349946854083970 0.3232512057675080
0.8600000000000010 0.7385224043101720 0.3306187912161000
0.8700000000000010 0.7420501232119470 0.3380216538537110
0.8800000000000010 0.7455778421137210 0.3454597936803390
0.8900000000000010 0.7491055610154960 0.3529332106959850
0.9000000000000010 0.7526332799172710 0.3604419049006490
0.9100000000000010 0.7561609988190460 0.3679858762943310
0.9200000000000010 0.7596887177208200 0.3755651248770300
0.9300000000000010 0.7632164366225950 0.3831796506487470
0.9400000000000010 0.7667441555243700 0.3908294536094820
0.9500000000000010 0.7702718744261450 0.3985145337592350
0.9600000000000010 0.7737995933279200 0.4062348910980050
0.9700000000000010 0.7773273122296940 0.4139905256257930
0.9800000000000010 0.7808550311314690 0.4217814373425990
0.9900000000000010 0.7843827500332440 0.4296076262484230
1.0000000000000000 0.7879104689350190 0.4374690923432640
1.0100000000000000 0.7914381878367940 0.4453658356271230
1.0200000000000000 0.7949659067385680 0.4532978561000000
1.0300000000000000 0.7984936256403430 0.4612651537618940
1.0400000000000000 0.8020213445421180 0.4692677286128070
1.0500000000000000 0.8055490634438930 0.4773055806527370
1.0600000000000000 0.8090767823456670 0.4853787098816840
1.0700000000000000 0.8126045012474420 0.4934871162996500
1.0800000000000000 0.8161322201492170 0.5016307999066330
1.0900000000000000 0.8196599390509920 0.5098097607026340
1.1000000000000000 0.8231876579527660 0.5180239986876530
1.1100000000000000 0.8267153768545410 0.5262735138616900
1.1200000000000000 0.8302430957563160 0.5345583062247440
1.1300000000000000 0.8337708146580910 0.5428783757768160
1.1400000000000000 0.8372985335598660 0.5512337225179060
1.1500000000000000 0.8408262524616400 0.5596243464480130
1.1600000000000000 0.8443539713634150 0.5680502475671390
1.1700000000000000 0.8478816902651900 0.5765114258752820
1.1800000000000000 0.8514094091669650 0.5850078813724420
1.1900000000000000 0.8549371280687390 0.5935396140586210
1.2000000000000000 0.8584648469705140 0.6021066239338170
1.2100000000000000 0.8619925658722890 0.6107089109980310
1.2200000000000000 0.8655202847740640 0.6193464752512630
1.2300000000000000 0.8690480036758390 0.6280193166935130
1.2400000000000000 0.8725757225776130 0.6367274353247800
1.2500000000000000 0.8761034414793880 0.6454708311450650
1.2600000000000000 0.8796311603811630 0.6542495041543680
1.2700000000000000 0.8831588792829380 0.6630634543526880
1.2800000000000000 0.8866865981847130 0.6719126817400260
1.2900000000000000 0.8902143170864870 0.6807971863163820
1.3000000000000000 0.8937420359882620 0.6897169680817560
1.3100000000000000 0.8972697548900370 0.6986720270361480
1.3200000000000000 0.9007974737918120 0.7076623631795570
1.3300000000000000 0.9043251926935860 0.7166879765119840
1.3400000000000000 0.9078529115953610 0.7257488670334290
1.3500000000000000 0.9113806304971360 0.7348450347438910
1.3600000000000000 0.9149083493989110 0.7439764796433710
1.3700000000000000 0.9184360683006850 0.7531432017318690
1.3800000000000000 0.9219637872024600 0.7623452010093850
1.3900000000000000 0.9254915061042350 0.7715824774759190
1.4000000000000000 0.9290192250060100 0.7808550311314700
1.4100000000000000 0.9325469439077850 0.7901628619760390
1.4200000000000000 0.9360746628095590 0.7995059700096260
1.4300000000000000 0.9396023817113340 0.8088843552322300
1.4400000000000000 0.9431301006131090 0.8182980176438520
1.4500000000000000 0.9466578195148840 0.8277469572444920
1.4600000000000000 0.9501855384166590 0.8372311740341500
1.4700000000000000 0.9537132573184330 0.8467506680128250
1.4800000000000000 0.9572409762202080 0.8563054391805190
1.4900000000000000 0.9607686951219830 0.8658954875372300
1.5000000000000000 0.9642964140237580 0.8755208130829580
1.5100000000000000 0.9678241329255320 0.8851814158177050
1.5200000000000000 0.9713518518273070 0.8948772957414690
1.5300000000000000 0.9748795707290820 0.9046084528542510
1.5400000000000000 0.9784072896308570 0.9143748871560510
1.5500000000000000 0.9819350085326310 0.9241765986468680
1.5600000000000000 0.9854627274344060 0.9340135873267030
1.5700000000000000 0.9889904463361810 0.9438858531955560
1.5800000000000000 0.9925181652379560 0.9537933962534270
1.5900000000000000 0.9960458841397310 0.9637362165003150
1.6000000000000000 0.9995736030415050 0.9737143139362220
1.6100000000000000 0.9955222227603750 0.9836897930652310
1.6200000000000000 0.9914708424792460 0.9936247583914290
1.6300000000000000 0.9874194621981160 1.0035192099148200
1.6400000000000000 0.9833680819169870 1.0133731476353900
1.6500000000000000 0.9793167016358570 1.0231865715531600
1.6600000000000000 0.9752653213547280 1.0329594816681100
1.6700000000000000 0.9712139410735980 1.0426918779802500
1.6800000000000000 0.9671625607924690 1.0523837604895800
1.6900000000000000 0.9631111805113400 1.0620351291961000
1.7000000000000000 0.9590598002302100 1.0716459840998100
1.7100000000000000 0.9550084199490810 1.0812163252007000
1.7200000000000000 0.9509570396679510 1.0907461524987900
1.7300000000000000 0.9469056593868220 1.1002354659940600
1.7400000000000000 0.9428542791056930 1.1096842656865300
1.7500000000000000 0.9388028988245630 1.1190925515761800
1.7600000000000000 0.9347515185434340 1.1284603236630200
1.7700000000000000 0.9307001382623040 1.1377875819470500
1.7800000000000000 0.9266487579811750 1.1470743264282600
1.7900000000000000 0.9225973777000450 1.1563205571066700
1.8000000000000000 0.9185459974189160 1.1655262739822600
1.8100000000000000 0.9144946171377870 1.1746914770550500
1.8200000000000000 0.9104432368566570 1.1838161663250200
1.8300000000000000 0.9063918565755280 1.1929003417921800
1.8400000000000000 0.9023404762943980 1.2019440034565300
1.8500000000000000 0.8982890960132690 1.2109471513180700
1.8600000000000000 0.8942377157321390 1.2199097853768000
1.8700000000000000 0.8901863354510100 1.2288319056327100
1.8800000000000000 0.8861349551698810 1.2377135120858200
1.8900000000000000 0.8820835748887510 1.2465546047361100
1.9000000000000000 0.8780321946076220 1.2553551835835900
1.9100000000000000 0.8739808143264920 1.2641152486282600
1.9200000000000000 0.8699294340453630 1.2728347998701200
1.9300000000000000 0.8658780537642330 1.2815138373091700
1.9400000000000000 0.8618266734831040 1.2901523609454100
1.9500000000000000 0.8577752932019740 1.2987503707788300
1.9600000000000000 0.8537239129208450 1.3073078668094400
1.9700000000000000 0.8496725326397160 1.3158248490372500
1.9800000000000000 0.8456211523585860 1.3243013174622400
1.9900000000000000 0.8415697720774570 1.3327372720844200
2.0000000000000000 0.8375183917963270 1.3411327129037900
2.0100000000000000 0.8334670115151980 1.3494876399203500
2.0200000000000000 0.8294156312340690 1.3578020531340900
2.0300000000000000 0.8253642509529390 1.3660759525450300
2.0400000000000000 0.8213128706718100 1.3743093381531500
2.0500000000000000 0.8172614903906810 1.3825022099584600
2.0600000000000000 0.8132101101095510 1.3906545679609600
2.0700000000000000 0.8091587298284220 1.3987664121606500
2.0800000000000000 0.8051073495472930 1.4068377425575300
2.0900000000000000 0.8010559692661630 1.4148685591516000
2.1000000000000000 0.7970045889850340 1.4228588619428500
2.1100000000000000 0.7929532087039050 1.4308086509313000
2.1200000000000000 0.7889018284227750 1.4387179261169300
2.1300000000000000 0.7848504481416460 1.4465866874997500
2.1400000000000000 0.7807990678605170 1.4544149350797600
2.1500000000000000 0.7767476875793870 1.4622026688569600
2.1600000000000000 0.7726963072982580 1.4699498888313500
2.1700000000000000 0.7686449270171290 1.4776565950029300
2.1800000000000000 0.7645935467359990 1.4853227873716900
2.1900000000000000 0.7605421664548700 1.4929484659376500
2.2000000000000000 0.7564907861737410 1.5005336307007900
2.2100000000000000 0.7524394058926110 1.5080782816611200
2.2200000000000000 0.7483880256114820 1.5155824188186400
2.2300000000000000 0.7443366453303530 1.5230460421733500
2.2400000000000000 0.7402852650492230 1.5304691517252500
2.2500000000000000 0.7362338847680940 1.5378517474743400
2.2600000000000000 0.7321825044869650 1.5451938294206100
2.2700000000000000 0.7281311242058350 1.5524953975640800
2.2800000000000000 0.7240797439247060 1.5597564519047300
2.2900000000000000 0.7200283636435770 1.5669769924425700
2.2999999999999900 0.7159769833624470 1.5741570191776000
2.3099999999999900 0.7119256030813180 1.5812965321098200
2.3199999999999900 0.7078742228001890 1.5883955312392300
2.3299999999999900 0.7038228425190590 1.5954540165658200
2.3399999999999900 0.6997714622379300 1.6024719880896100
2.3499999999999900 0.6957200819568010 1.6094494458105800
2.3599999999999900 0.6916687016756710 1.6163863897287400
2.3699999999999900 0.6876173213945420 1.6232828198440900
2.3799999999999900 0.6835659411134130 1.6301387361566300
2.3899999999999900 0.6795145608322830 1.6369541386663600
2.3999999999999900 0.6754631805511540 1.6437290273732800
2.4099999999999900 0.6662902140014240 1.6504377943460400
2.4199999999999900 0.6571172474516900 1.6570548316533100
2.4299999999999900 0.6479442809019560 1.6635801392950700
2.4399999999999900 0.6387713143522220 1.6700137172713400
2.4499999999999900 0.6295983478024880 1.6763555655821200
2.4599999999999900 0.6204253812527540 1.6826056842273900
2.4699999999999900 0.6112524147030200 1.6887640732071700
2.4799999999999900 0.6020794481532860 1.6948307325214500
2.4899999999999900 0.5929064816035520 1.7008056621702400
2.4999999999999900 0.5837335150538180 1.7066888621535300
2.5099999999999900 0.5745605485040840 1.7124803324713100
2.5199999999999900 0.5653875819543500 1.7181800731236100
2.5299999999999900 0.5562146154046160 1.7237880841104000
2.5399999999999900 0.5470416488548820 1.7293043654317000
2.5499999999999900 0.5378686823051480 1.7347289170875000
2.5599999999999900 0.5286957157554140 1.7400617390778000
2.5699999999999900 0.5195227492056810 1.7453028314026100
2.5799999999999900 0.5103497826559470 1.7504521940619200
2.5899999999999900 0.5011768161062130 1.7555098270557300
2.5999999999999900 0.4920038495564790 1.7604757303840400
2.6099999999999900 0.4828308830067450 1.7653499040468500
2.6199999999999900 0.4736579164570110 1.7701323480441700
2.6299999999999900 0.4644849499072770 1.7748230623760000
2.6399999999999900 0.4553119833575430 1.7794220470423200
2.6499999999999900 0.4461390168078090 1.7839293020431500
2.6599999999999900 0.4369660502580750 1.7883448273784700
2.6699999999999900 0.4277930837083410 1.7926686230483100
2.6799999999999900 0.4186201171586070 1.7969006890526400
2.6899999999999900 0.4094471506088730 1.8010410253914800
2.6999999999999900 0.4002741840591390 1.8050896320648200
2.7099999999999900 0.3911012175094050 1.8090465090726600
2.7199999999999900 0.3819282509596710 1.8129116564150100
2.7299999999999900 0.3727552844099370 1.8166850740918500
2.7399999999999900 0.3635823178602040 1.8203667621032100
2.7499999999999900 0.3544093513104700 1.8239567204490600
2.7599999999999900 0.3452363847607360 1.8274549491294100
2.7699999999999800 0.3360634182110020 1.8308614481442700
2.7799999999999800 0.3268904516612680 1.8341762174936300
2.7899999999999800 0.3177174851115340 1.8373992571775000
2.7999999999999800 0.3085445185618000 1.8405305671958700
2.8099999999999800 0.2993715520120660 1.8435701475487300
2.8199999999999800 0.2901985854623320 1.8465179982361100
2.8299999999999800 0.2810256189125980 1.8493741192579800
2.8399999999999800 0.2718526523628640 1.8521385106143600
2.8499999999999800 0.2626796858131300 1.8548111723052400
2.8599999999999800 0.2535067192633960 1.8573921043306200
2.8699999999999800 0.2443337527136620 1.8598813066905100
2.8799999999999800 0.2351607861639280 1.8622787793848900
2.8899999999999800 0.2259878196141940 1.8645845224137800
2.8999999999999800 0.2168148530644610 1.8667985357771800
2.9099999999999800 0.2076418865147270 1.8689208194750700
2.9199999999999800 0.1984689199649930 1.8709513735074700
2.9299999999999800 0.1892959534152590 1.8728901978743700
2.9399999999999800 0.1801229868655250 1.8747372925757800
2.9499999999999800 0.1709500203157910 1.8764926576116800
2.9599999999999800 0.1617770537660570 1.8781562929820900
2.9699999999999800 0.1526040872163230 1.8797281986870000
2.9799999999999800 0.1434311206665890 1.8812083747264200
2.9899999999999800 0.1342581541168550 1.8825968211003400
2.9999999999999800 0.1250851875671210 1.8838935378087600
3.0099999999999800 0.1159122210173870 1.8850985248516800
3.0199999999999800 0.1067392544676530 1.8862117822291000
3.0299999999999800 0.0975662879179193 1.8872333099410300
3.0399999999999800 0.0883933213681853 1.8881631079874600
3.0499999999999800 0.0792203548184514 1.8890011763684000
3.0599999999999800 0.0700473882687175 1.8897475150838300
3.0699999999999800 0.0608744217189835 1.8904021241337700
3.0799999999999800 0.0517014551692496 1.8909650035182100
3.0899999999999800 0.0425284886195156 1.8914361532371500
3.0999999999999800 0.0333555220697817 1.8918155732906000
3.1099999999999800 0.0241825555200478 1.8921032636785500
3.1199999999999800 0.0150095889703138 1.8922992244010000
3.1299999999999800 0.0058366224205799 1.8924034554579600
3.1399999999999800 -0.0033363441291541 1.8924159568494100
3.1499999999999800 -0.0125093106788879 1.8923367285753700
3.1599999999999800 -0.0216822772286219 1.8921657706358400
3.1699999999999800 -0.0308552437783559 1.8919030830308000
3.1799999999999800 -0.0400282103280898 1.8915486657602700
3.1899999999999800 -0.0492011768778238 1.8911025188242400
3.1999999999999800 -0.0583741434275576 1.8905646422227100
3.2099999999999800 -0.0671044978260629 1.8899372490164400
3.2199999999999800 -0.0758348522245671 1.8892225522661900
3.2299999999999800 -0.0845652066230713 1.8884205519719500
3.2399999999999700 -0.0932955610215754 1.8875312481337300
3.2499999999999700 -0.1020259154200800 1.8865546407515200
3.2599999999999700 -0.1107562698185840 1.8854907298253300
3.2699999999999700 -0.1194866242170880 1.8843395153551500
3.2799999999999700 -0.1282169786155920 1.8831009973409900
3.2899999999999700 -0.1369473330140960 1.8817751757828400
3.2999999999999700 -0.1456776874126000 1.8803620506807000
3.3099999999999700 -0.1544080418111050 1.8788616220345900
3.3199999999999700 -0.1631383962096090 1.8772738898444800
3.3299999999999700 -0.1718687506081130 1.8755988541103900
3.3399999999999700 -0.1805991050066170 1.8738365148323200
3.3499999999999700 -0.1893294594051210 1.8719868720102600
3.3599999999999700 -0.1980598138036250 1.8700499256442200
3.3699999999999700 -0.2067901682021300 1.8680256757341900
3.3799999999999700 -0.2155205226006340 1.8659141222801800
3.3899999999999700 -0.2242508769991380 1.8637152652821800
3.3999999999999700 -0.2329812313976420 1.8614291047401900
3.4099999999999700 -0.2417115857961460 1.8590556406542200
3.4199999999999700 -0.2504419401946500 1.8565948730242700
3.4299999999999700 -0.2591722945931550 1.8540468018503300
3.4399999999999700 -0.2679026489916590 1.8514114271324100
3.4499999999999700 -0.2766330033901630 1.8486887488705000
3.4599999999999700 -0.2853633577886670 1.8458787670646000
3.4699999999999700 -0.2940937121871710 1.8429814817147200
3.4799999999999700 -0.3028240665856750 1.8399968928208600
3.4899999999999700 -0.3115544209841800 1.8369250003830100
3.4999999999999700 -0.3202847753826840 1.8337658044011800
3.5099999999999700 -0.3290151297811880 1.8305193048753600
3.5199999999999700 -0.3377454841796920 1.8271855018055500
3.5299999999999700 -0.3464758385781960 1.8237643951917600
3.5399999999999700 -0.3552061929767000 1.8202559850339900
3.5499999999999700 -0.3639365473752050 1.8166602713322300
3.5599999999999700 -0.3726669017737090 1.8129772540864900
3.5699999999999700 -0.3813972561722130 1.8092069332967600
3.5799999999999700 -0.3901276105707170 1.8053493089630400
3.5899999999999700 -0.3988579649692210 1.8014043810853400
3.5999999999999700 -0.4075883193677250 1.7973721496636600
3.6099999999999700 -0.4163186737662300 1.7932526146979900
3.6199999999999700 -0.4250490281647340 1.7890457761883300
3.6299999999999700 -0.4337793825632380 1.7847516341346900
3.6399999999999700 -0.4425097369617420 1.7803701885370700
3.6499999999999700 -0.4512400913602460 1.7759014393954600
3.6599999999999700 -0.4599704457587500 1.7713453867098600
3.6699999999999700 -0.4687008001572550 1.7667020304802800
3.6799999999999700 -0.4774311545557590 1.7619713707067200
3.6899999999999700 -0.4861615089542630 1.7571534073891700
3.6999999999999700 -0.4948918633527670 1.7522481405276300
3.7099999999999600 -0.5036222177512710 1.7472555701221100
3.7199999999999600 -0.5123525721497750 1.7421756961726100
3.7299999999999600 -0.5210829265482790 1.7370085186791200
3.7399999999999600 -0.5298132809467840 1.7317540376416400
3.7499999999999600 -0.5385436353452880 1.7264122530601800
3.7599999999999600 -0.5472739897437920 1.7209831649347400
3.7699999999999600 -0.5560043441422960 1.7154667732653100
3.7799999999999600 -0.5647346985408000 1.7098630780518900
3.7899999999999600 -0.5734650529393040 1.7041720792944900
3.7999999999999600 -0.5821954073378090 1.6983937769931100
3.8099999999999600 -0.5909257617363130 1.6925281711477400
3.8199999999999600 -0.5996561161348170 1.6865752617583800
3.8299999999999600 -0.6083864705333210 1.6805350488250400
3.8399999999999600 -0.6171168249318250 1.6744075323477100
3.8499999999999600 -0.6258471793303290 1.6681927123264000
3.8599999999999600 -0.6345775337288340 1.6618905887611100
3.8699999999999600 -0.6433078881273380 1.6555011616518300
3.8799999999999600 -0.6520382425258420 1.6490244309985600
3.8899999999999600 -0.6607685969243460 1.6424603968013100
3.8999999999999600 -0.6694989513228500 1.6358090590600700
3.9099999999999600 -0.6782293057213540 1.6290704177748500
3.9199999999999600 -0.6869596601198590 1.6222444729456500
3.9299999999999600 -0.6956900145183630 1.6153312245724600
3.9399999999999600 -0.7044203689168670 1.6083306726552800
3.9499999999999600 -0.7131507233153710 1.6012428171941200
3.9599999999999600 -0.7218810777138750 1.5940676581889700
3.9699999999999600 -0.7306114321123790 1.5868051956398400
3.9799999999999600 -0.7393417865108840 1.5794554295467300
3.9899999999999600 -0.7480721409093880 1.5720183599096300
3.9999999999999600 -0.7568024953078920 1.5644939867285400
4.0099999999999600 -0.7597945217270150 1.5569110016433600
4.0199999999999600 -0.7627865481461130 1.5492980962940000
4.0299999999999600 -0.7657785745652120 1.5416552706804400
4.0399999999999600 -0.7687706009843110 1.5339825248027000
4.0499999999999600 -0.7717626274034100 1.5262798586607600
4.0599999999999600 -0.7747546538225090 1.5185472722546300
4.0699999999999600 -0.7777466802416080 1.5107847655843100
4.0799999999999600 -0.7807387066607070 1.5029923386498000
4.0899999999999600 -0.7837307330798050 1.4951699914510900
4.0999999999999600 -0.7867227594989040 1.4873177239882000
4.1099999999999600 -0.7897147859180030 1.4794355362611200
4.1199999999999600 -0.7927068123371020 1.4715234282698400
4.1299999999999600 -0.7956988387562010 1.4635814000143700
4.1399999999999600 -0.7986908651753000 1.4556094514947200
4.1499999999999600 -0.8016828915943990 1.4476075827108700
4.1599999999999600 -0.8046749180134970 1.4395757936628300
4.1699999999999600 -0.8076669444325960 1.4315140843506000
4.1799999999999600 -0.8106589708516950 1.4234224547741800
4.1899999999999600 -0.8136509972707940 1.4153009049335600
4.1999999999999500 -0.8166430236898930 1.4071494348287600
4.2099999999999500 -0.8196350501089920 1.3989680444597700
4.2199999999999500 -0.8226270765280900 1.3907567338265800
4.2299999999999500 -0.8256191029471890 1.3825155029292100
4.2399999999999500 -0.8286111293662880 1.3742443517676400
4.2499999999999500 -0.8316031557853870 1.3659432803418800
4.2599999999999500 -0.8345951822044860 1.3576122886519300
4.2699999999999500 -0.8375872086235850 1.3492513766977900
4.2799999999999500 -0.8405792350426840 1.3408605444794600
4.2899999999999500 -0.8435712614617820 1.3324397919969400
4.2999999999999500 -0.8465632878808810 1.3239891192502200
4.3099999999999500 -0.8495553142999800 1.3155085262393200
4.3199999999999500 -0.8525473407190790 1.3069980129642300
4.3299999999999500 -0.8555393671381780 1.2984575794249400
4.3399999999999500 -0.8585313935572770 1.2898872256214600
4.3499999999999500 -0.8615234199763750 1.2812869515537900
4.3599999999999500 -0.8645154463954740 1.2726567572219300
4.3699999999999500 -0.8675074728145730 1.2639966426258800
4.3799999999999500 -0.8704994992336720 1.2553066077656400
4.3899999999999500 -0.8734915256527710 1.2465866526412100
4.3999999999999500 -0.8764835520718700 1.2378367772525900
4.4099999999999500 -0.8794755784909690 1.2290569815997700
4.4199999999999500 -0.8824676049100670 1.2202472656827700
4.4299999999999500 -0.8854596313291660 1.2114076295015700
4.4399999999999500 -0.8884516577482650 1.2025380730561900
4.4499999999999500 -0.8914436841673640 1.1936385963466100
4.4599999999999500 -0.8944357105864630 1.1847091993728400
4.4699999999999500 -0.8974277370055620 1.1757498821348800
4.4799999999999500 -0.9004197634246610 1.1667606446327300
4.4899999999999500 -0.9034117898437590 1.1577414868663900
4.4999999999999500 -0.9064038162628580 1.1486924088358500
4.5099999999999500 -0.9093958426819570 1.1396134105411300
4.5199999999999500 -0.9123878691010560 1.1305044919822200
4.5299999999999500 -0.9153798955201550 1.1213656531591100
4.5399999999999500 -0.9183719219392540 1.1121968940718100
4.5499999999999500 -0.9213639483583520 1.1029982147203200
4.5599999999999500 -0.9243559747774510 1.0937696151046500
4.5699999999999500 -0.9273480011965500 1.0845110952247800
4.5799999999999500 -0.9303400276156490 1.0752226550807200
4.5899999999999500 -0.9333320540347480 1.0659042946724600
4.5999999999999500 -0.9363240804538470 1.0565560140000200
4.6099999999999500 -0.9393161068729460 1.0471778130633900
4.6199999999999500 -0.9423081332920440 1.0377696918625600
4.6299999999999500 -0.9453001597111430 1.0283316503975500
4.6399999999999500 -0.9482921861302420 1.0188636886683400
4.6499999999999500 -0.9512842125493410 1.0093658066749400
4.6599999999999500 -0.9542762389684400 0.9998380044173530
4.6699999999999400 -0.9572682653875390 0.9902802818955740
4.6799999999999400 -0.9602602918066380 0.9806926391096030
4.6899999999999400 -0.9632523182257360 0.9710750760594410
4.6999999999999400 -0.9662443446448350 0.9614275927450890
4.7099999999999400 -0.9692363710639340 0.9517501891665450
4.7199999999999400 -0.9722283974830330 0.9420428653238110
4.7299999999999400 -0.9752204239021320 0.9323056212168850
4.7399999999999400 -0.9782124503212310 0.9225384568457680
4.7499999999999400 -0.9812044767403300 0.9127413722104610
4.7599999999999400 -0.9841965031594280 0.9029143673109620
4.7699999999999400 -0.9871885295785270 0.8930574421472730
4.7799999999999400 -0.9901805559976260 0.8831705967193920
4.7899999999999400 -0.9931725824167250 0.8732538310273210
4.7999999999999400 -0.9961646088358240 0.8633071450710580
4.8099999999999400 -0.9916033841988230 0.8533683051058850
4.8199999999999400 -0.9870421595617800 0.8434750773870820
4.8299999999999400 -0.9824809349247360 0.8336274619146500
4.8399999999999400 -0.9779197102876920 0.8238254586885880
4.8499999999999400 -0.9733584856506480 0.8140690677088960
4.8599999999999400 -0.9687972610136040 0.8043582889755750
4.8699999999999400 -0.9642360363765600 0.7946931224886240
4.8799999999999400 -0.9596748117395160 0.7850735682480440
4.8899999999999400 -0.9551135871024720 0.7754996262538350
4.8999999999999400 -0.9505523624654280 0.7659712965059950
4.9099999999999400 -0.9459911378283840 0.7564885790045260
4.9199999999999400 -0.9414299131913410 0.7470514737494280
4.9299999999999400 -0.9368686885542970 0.7376599807407000
4.9399999999999400 -0.9323074639172530 0.7283140999783420
4.9499999999999400 -0.9277462392802090 0.7190138314623550
4.9599999999999400 -0.9231850146431650 0.7097591751927390
4.9699999999999400 -0.9186237900061210 0.7005501311694920
4.9799999999999400 -0.9140625653690770 0.6913866993926170
4.9899999999999400 -0.9095013407320330 0.6822688798621110
4.9999999999999400 -0.9049401160949890 0.6731966725779760
5.0099999999999400 -0.9003788914579450 0.6641700775402120
5.0199999999999400 -0.8958176668209010 0.6551890947488180
5.0299999999999400 -0.8912564421838580 0.6462537242037940
5.0399999999999400 -0.8866952175468140 0.6373639659051410
5.0499999999999400 -0.8821339929097700 0.6285198198528580
5.0599999999999400 -0.8775727682727260 0.6197212860469460
5.0699999999999400 -0.8730115436356820 0.6109683644874040
5.0799999999999400 -0.8684503189986380 0.6022610551742330
5.0899999999999400 -0.8638890943615940 0.5935993581074320
5.0999999999999400 -0.8593278697245500 0.5849832732870010
5.1099999999999400 -0.8547666450875060 0.5764128007129410
5.1199999999999400 -0.8502054204504620 0.5678879403852510
5.1299999999999400 -0.8456441958134180 0.5594086923039320
5.1399999999999300 -0.8410829711763750 0.5509750564689830
5.1499999999999300 -0.8365217465393310 0.5425870328804050
5.1599999999999300 -0.8319605219022870 0.5342446215381970
5.1699999999999300 -0.8273992972652430 0.5259478224423600
5.1799999999999300 -0.8228380726281990 0.5176966355928930
5.1899999999999300 -0.8182768479911550 0.5094910609897960
5.1999999999999300 -0.8137156233541110 0.5013310986330700
5.2099999999999300 -0.8091543987170670 0.4932167485227140
5.2199999999999300 -0.8045931740800230 0.4851480106587290
5.2299999999999300 -0.8000319494429800 0.4771248850411140
5.2399999999999300 -0.7954707248059360 0.4691473716698700
5.2499999999999300 -0.7909095001688920 0.4612154705449960
5.2599999999999300 -0.7863482755318480 0.4533291816664920
5.2699999999999300 -0.7817870508948040 0.4454885050343590
5.2799999999999300 -0.7772258262577600 0.4376934406485960
5.2899999999999300 -0.7726646016207160 0.4299439885092040
5.2999999999999300 -0.7681033769836720 0.4222401486161830
5.3099999999999300 -0.7635421523466280 0.4145819209695310
5.3199999999999300 -0.7589809277095840 0.4069693055692500
5.3299999999999300 -0.7544197030725400 0.3994023024153400
5.3399999999999300 -0.7498584784354960 0.3918809115078000
5.3499999999999300 -0.7452972537984530 0.3844051328466300
5.3599999999999300 -0.7407360291614090 0.3769749664318310
5.3699999999999300 -0.7361748045243650 0.3695904122634020
5.3799999999999300 -0.7316135798873210 0.3622514703413440
5.3899999999999300 -0.7270523552502770 0.3549581406656560
5.3999999999999300 -0.7224911306132330 0.3477104232363390
5.4099999999999300 -0.7179299059761890 0.3405083180533920
5.4199999999999300 -0.7133686813391450 0.3333518251168150
5.4299999999999300 -0.7088074567021010 0.3262409444266090
5.4399999999999300 -0.7042462320650570 0.3191756759827740
5.4499999999999300 -0.6996850074280140 0.3121560197853080
5.4599999999999300 -0.6951237827909700 0.3051819758342140
5.4699999999999300 -0.6905625581539260 0.2982535441294890
5.4799999999999300 -0.6860013335168820 0.2913707246711360
5.4899999999999300 -0.6814401088798380 0.2845335174591520
5.4999999999999300 -0.6768788842427940 0.2777419224935390
5.5099999999999300 -0.6723176596057500 0.2709959397742960
5.5199999999999300 -0.6677564349687060 0.2642955693014240
5.5299999999999300 -0.6631952103316620 0.2576408110749230
5.5399999999999300 -0.6586339856946180 0.2510316650947910
5.5499999999999300 -0.6540727610575750 0.2444681313610310
5.5599999999999300 -0.6495115364205310 0.2379502098736400
5.5699999999999300 -0.6449503117834870 0.2314779006326200
5.5799999999999300 -0.6403890871464430 0.2250512036379710
5.5899999999999300 -0.6358278625093990 0.2186701188896920
5.5999999999999300 -0.6312666378723550 0.2123346463877830
5.6099999999999200 -0.6219189398383560 0.2060687184992290
5.6199999999999200 -0.6125712418043210 0.1998962675910160
5.6299999999999200 -0.6032235437702860 0.1938172936631430
5.6399999999999200 -0.5938758457362510 0.1878317967156110
5.6499999999999200 -0.5845281477022160 0.1819397767484180
5.6599999999999200 -0.5751804496681810 0.1761412337615670
5.6699999999999200 -0.5658327516341460 0.1704361677550550
5.6799999999999200 -0.5564850536001110 0.1648245787288840
5.6899999999999200 -0.5471373555660760 0.1593064666830530
5.6999999999999200 -0.5377896575320410 0.1538818316175630
5.7099999999999200 -0.5284419594980060 0.1485506735324120
5.7199999999999200 -0.5190942614639710 0.1433129924276030
5.7299999999999200 -0.5097465634299360 0.1381687883031330
5.7399999999999200 -0.5003988653959010 0.1331180611590040
5.7499999999999200 -0.4910511673618660 0.1281608109952150
5.7599999999999200 -0.4817034693278310 0.1232970378117670
5.7699999999999200 -0.4723557712937960 0.1185267416086590
5.7799999999999200 -0.4630080732597610 0.1138499223858910
5.7899999999999200 -0.4536603752257260 0.1092665801434640
5.7999999999999200 -0.4443126771916910 0.1047767148813770
5.8099999999999200 -0.4349649791576560 0.1003803265996300
5.8199999999999200 -0.4256172811236210 0.0960774152982241
5.8299999999999200 -0.4162695830895860 0.0918679809771581
5.8399999999999200 -0.4069218850555510 0.0877520236364325
5.8499999999999200 -0.3975741870215160 0.0837295432760473
5.8599999999999200 -0.3882264889874810 0.0798005398960024
5.8699999999999200 -0.3788787909534460 0.0759650134962978
5.8799999999999200 -0.3695310929194110 0.0722229640769336
5.8899999999999200 -0.3601833948853760 0.0685743916379097
5.8999999999999200 -0.3508356968513410 0.0650192961792262
5.9099999999999200 -0.3414879988173060 0.0615576777008831
5.9199999999999200 -0.3321403007832710 0.0581895362028803
5.9299999999999200 -0.3227926027492360 0.0549148716852178
5.9399999999999200 -0.3134449047152010 0.0517336841478957
5.9499999999999200 -0.3040972066811660 0.0486459735909139
5.9599999999999200 -0.2947495086471310 0.0456517400142725
5.9699999999999200 -0.2854018106130960 0.0427509834179714
5.9799999999999200 -0.2760541125790610 0.0399437038020107
5.9899999999999200 -0.2667064145450260 0.0372299011663903
5.9999999999999200 -0.2573587165109920 0.0346095755111103
6.0099999999999200 -0.2480110184769570 0.0320827268361706
6.0199999999999200 -0.2386633204429220 0.0296493551415712
6.0299999999999200 -0.2293156224088870 0.0273094604273122
6.0399999999999200 -0.2199679243748520 0.0250630426933936
6.0499999999999200 -0.2106202263408170 0.0229101019398153
6.0599999999999200 -0.2012725283067820 0.0208506381665774
6.0699999999999200 -0.1919248302727470 0.0188846513736798
6.0799999999999100 -0.1825771322387120 0.0170121415611225
6.0899999999999100 -0.1732294342046770 0.0152331087289056
6.0999999999999100 -0.1638817361706420 0.0135475528770291
6.1099999999999100 -0.1545340381366070 0.0119554740054928
6.1199999999999100 -0.1451863401025720 0.0104568721142970
6.1299999999999100 -0.1358386420685370 0.0090517472034415
6.1399999999999100 -0.1264909440345020 0.0077400992729263
6.1499999999999100 -0.1171432460004670 0.0065219283227515
6.1599999999999100 -0.1077955479664320 0.0053972343529170
6.1699999999999100 -0.0984478499323969 0.0043660173634229
6.1799999999999100 -0.0891001518983618 0.0034282773542691
6.1899999999999100 -0.0797524538643269 0.0025840143254557
6.1999999999999100 -0.0704047558302919 0.0018332282769826
6.2099999999999100 -0.0610570577962569 0.0011759192088499
6.2199999999999100 -0.0517093597622219 0.0006120871210575
6.2299999999999100 -0.0423616617281870 0.0001417320136055
6.2399999999999100 -0.0330139636941520 -0.0002351461135062
6.2499999999999100 -0.0236662656601170 -0.0005185472602775
6.2599999999999100 -0.0143185676260821 -0.0007084714267085
6.2699999999999100 -0.0049708695920471 -0.0008049186127992
6.2799999999999100 0.0043768284419880 -0.0008078888185495
6.2899999999999100 0.0137245264760228 -0.0007173820439595
6.2999999999999100 0.0230722245100579 -0.0005333982890290
6.3099999999999100 0.0324199225440929 -0.0002559375537583
6.3199999999999100 0.0417676205781279 0.0001150001618528
6.3299999999999100 0.0511153186121628 0.0005794148578042
6.3399999999999100 0.0604630166461978 0.0011373065340961
6.3499999999999100 0.0698107146802328 0.0017886751907282
6.3599999999999100 0.0791584127142677 0.0025335208277006
6.3699999999999100 0.0885061107483027 0.0033718434450135
6.3799999999999100 0.0978538087823377 0.0043036430426667
6.3899999999999100 0.1072015068163730 0.0053289196206602
6.3999999999999100 0.1165492048504080 0.0064476731789940
6.4099999999999100 0.1250131880878990 0.0076554851436856
6.4199999999999100 0.1334771713253820 0.0089479369407520
6.4299999999999100 0.1419411545628650 0.0103250285701932
6.4399999999999100 0.1504051378003480 0.0117867600320093
6.4499999999999100 0.1588691210378310 0.0133331313262001
6.4599999999999100 0.1673331042753140 0.0149641424527658
6.4699999999999100 0.1757970875127970 0.0166797934117063
6.4799999999999100 0.1842610707502800 0.0184800842030217
6.4899999999999100 0.1927250539877630 0.0203650148267119
6.4999999999999100 0.2011890372252460 0.0223345852827769
6.5099999999999100 0.2096530204627290 0.0243887955712167
6.5199999999999100 0.2181170037002130 0.0265276456920314
6.5299999999999100 0.2265809869376960 0.0287511356452209
6.5399999999999100 0.2350449701751790 0.0310592654307852
6.5499999999999000 0.2435089534126620 0.0334520350487243
6.5599999999999000 0.2519729366501450 0.0359294444990383
6.5699999999999000 0.2604369198876280 0.0384914937817271
6.5799999999999000 0.2689009031251110 0.0411381828967907
6.5899999999999000 0.2773648863625940 0.0438695118442292
6.5999999999999000 0.2858288696000770 0.0466854806240425
6.6099999999999000 0.2942928528375600 0.0495860892362306
6.6199999999999000 0.3027568360750430 0.0525713376807936
6.6299999999999000 0.3112208193125260 0.0556412259577314
6.6399999999999000 0.3196848025500090 0.0587957540670440
6.6499999999999000 0.3281487857874920 0.0620349220087314
6.6599999999999000 0.3366127690249750 0.0653587297827937
6.6699999999999000 0.3450767522624580 0.0687671773892308
6.6799999999999000 0.3535407354999410 0.0722602648280427
6.6899999999999000 0.3620047187374250 0.0758379920992295
6.6999999999999000 0.3704687019749080 0.0795003592027910
6.7099999999999000 0.3789326852123910 0.0832473661387274
6.7199999999999000 0.3873966684498740 0.0870790129070387
6.7299999999999000 0.3958606516873570 0.0909952995077248
6.7399999999999000 0.4043246349248400 0.0949962259407857
6.7499999999999000 0.4127886181623230 0.0990817922062214
6.7599999999999000 0.4212526013998060 0.1032519983040320
6.7699999999999000 0.4297165846372890 0.1075068442342170
6.7799999999999000 0.4381805678747720 0.1118463299967780
6.7899999999999000 0.4466445511122550 0.1162704555917130
6.7999999999999000 0.4551085343497380 0.1207792210190220
6.8099999999999000 0.4635725175872210 0.1253726262787070
6.8199999999999000 0.4720365008247040 0.1300506713707670
6.8299999999999000 0.4805004840621870 0.1348133562952010
6.8399999999999000 0.4889644672996700 0.1396606810520100
6.8499999999999000 0.4974284505371530 0.1445926456411940
6.8599999999999000 0.5058924337746370 0.1496092500627530
6.8699999999999000 0.5143564170121200 0.1547104943166870
6.8799999999999000 0.5228204002496030 0.1598963784029950
6.8899999999999000 0.5312843834870860 0.1651669023216790
6.8999999999999000 0.5397483667245690 0.1705220660727370
6.9099999999999000 0.5482123499620520 0.1759618696561700
6.9199999999999000 0.5566763331995350 0.1814863130719780
6.9299999999999000 0.5651403164370180 0.1870953963201600
6.9399999999999000 0.5736042996745010 0.1927891194007180
6.9499999999999000 0.5820682829119840 0.1985674823136500
6.9599999999999000 0.5905322661494670 0.2044304850589570
6.9699999999999000 0.5989962493869500 0.2103781276366390
6.9799999999999000 0.6074602326244330 0.2164104100466960
6.9899999999999000 0.6159242158619160 0.2225273322891270
6.9999999999999000 0.6243881990993990 0.2287288943639340
7.0099999999998900 0.6328521823368820 0.2350150962711150
7.0199999999998900 0.6413161655743650 0.2413859380106710
7.0299999999998900 0.6497801488118490 0.2478414195826020
7.0399999999998900 0.6582441320493320 0.2543815409869080
7.0499999999998900 0.6667081152868150 0.2610063022235890
7.0599999999998900 0.6751720985242980 0.2677157032926440
7.0699999999998900 0.6836360817617810 0.2745097441940740
7.0799999999998900 0.6921000649992640 0.2813884249278790
7.0899999999998900 0.7005640482367470 0.2883517454940590
7.0999999999998900 0.7090280314742300 0.2953997058926140
7.1099999999998900 0.7174920147117130 0.3025323061235430
7.1199999999998900 0.7259559979491960 0.3097495461868480
7.1299999999998900 0.7344199811866790 0.3170514260825270
7.1399999999998900 0.7428839644241620 0.3244379458105810
7.1499999999998900 0.7513479476616450 0.3319091053710100
7.1599999999998900 0.7598119308991280 0.3394649047638140
7.1699999999998900 0.7682759141366110 0.3471053439889920
7.1799999999998900 0.7767398973740940 0.3548304230465460
7.1899999999998900 0.7852038806115780 0.3626401419364740
7.1999999999998900 0.7936678638490610 0.3705345006587770
7.2099999999998900 0.7961139936338040 0.3784834099461910
7.2199999999998900 0.7985601234184820 0.3864567805314530
7.2299999999998900 0.8010062532031600 0.3944546124145610
7.2399999999998900 0.8034523829878370 0.4024769055955150
7.2499999999998900 0.8058985127725150 0.4105236600743170
7.2599999999998900 0.8083446425571930 0.4185948758509650
7.2699999999998900 0.8107907723418710 0.4266905529254610
7.2799999999998900 0.8132369021265490 0.4348106912978020
7.2899999999998900 0.8156830319112270 0.4429552909679910
7.2999999999998900 0.8181291616959040 0.4511243519360270
7.3099999999998900 0.8205752914805820 0.4593178742019090
7.3199999999998900 0.8230214212652600 0.4675358577656380
7.3299999999998900 0.8254675510499380 0.4757783026272140
7.3399999999998900 0.8279136808346160 0.4840452087866360
7.3499999999998900 0.8303598106192930 0.4923365762439060
7.3599999999998900 0.8328059404039710 0.5006524049990220
7.3699999999998900 0.8352520701886490 0.5089926950519850
7.3799999999998900 0.8376981999733270 0.5173574464027950
7.3899999999998900 0.8401443297580050 0.5257466590514510
7.3999999999998900 0.8425904595426830 0.5341603329979540
7.4099999999998900 0.8450365893273600 0.5425984682423040
7.4199999999998900 0.8474827191120380 0.5510610647845010
7.4299999999998900 0.8499288488967160 0.5595481226245450
7.4399999999998900 0.8523749786813940 0.5680596417624350
7.4499999999998900 0.8548211084660720 0.5765956221981720
7.4599999999998900 0.8572672382507490 0.5851560639317560
7.4699999999998900 0.8597133680354270 0.5937409669631870
7.4799999999998800 0.8621594978201050 0.6023503312924640
7.4899999999998800 0.8646056276047830 0.6109841569195890
7.4999999999998800 0.8670517573894610 0.6196424438445600
7.5099999999998800 0.8694978871741380 0.6283251920673770
7.5199999999998800 0.8719440169588160 0.6370324015880420
7.5299999999998800 0.8743901467434940 0.6457640724065530
7.5399999999998800 0.8768362765281720 0.6545202045229110
7.5499999999998800 0.8792824063128500 0.6633007979371160
7.5599999999998800 0.8817285360975270 0.6721058526491680
7.5699999999998800 0.8841746658822050 0.6809353686590670
7.5799999999998800 0.8866207956668830 0.6897893459668120
7.5899999999998800 0.8890669254515610 0.6986677845724040
7.5999999999998800 0.8915130552362390 0.7075706844758430
7.6099999999998800 0.8939591850209170 0.7164980456771280
7.6199999999998800 0.8964053148055940 0.7254498681762610
7.6299999999998800 0.8988514445902720 0.7344261519732400
7.6399999999998800 0.9012975743749500 0.7434268970680660
7.6499999999998800 0.9037437041596280 0.7524521034607380
7.6599999999998800 0.9061898339443060 0.7615017711512580
7.6699999999998800 0.9086359637289830 0.7705759001396240
7.6799999999998800 0.9110820935136610 0.7796744904258370
7.6899999999998800 0.9135282232983390 0.7887975420098970
7.6999999999998800 0.9159743530830170 0.7979450548918040
7.7099999999998800 0.9184204828676950 0.8071170290715570
7.7199999999998800 0.9208666126523720 0.8163134645491570
7.7299999999998800 0.9233127424370500 0.8255343613246040
7.7399999999998800 0.9257588722217280 0.8347797193978980
7.7499999999998800 0.9282050020064060 0.8440495387690380
7.7599999999998800 0.9306511317910840 0.8533438194380250
7.7699999999998800 0.9330972615757620 0.8626625614048590
7.7799999999998800 0.9355433913604390 0.8720057646695400
7.7899999999998800 0.9379895211451170 0.8813734292320680
7.7999999999998800 0.9404356509297950 0.8907655550924420
7.8099999999998800 0.9428817807144730 0.9001821422506630
7.8199999999998800 0.9453279104991510 0.9096231907067310
7.8299999999998800 0.9477740402838280 0.9190887004606460
7.8399999999998800 0.9502201700685060 0.9285786715124070
7.8499999999998800 0.9526662998531840 0.9380931038620160
7.8599999999998800 0.9551124296378620 0.9476319975094710
7.8699999999998800 0.9575585594225400 0.9571953524547720
7.8799999999998800 0.9600046892072170 0.9667831686979210
7.8899999999998800 0.9624508189918950 0.9763954462389160
7.8999999999998800 0.9648969487765730 0.9860321850777580
7.9099999999998800 0.9673430785612510 0.9956933852144470
7.9199999999998800 0.9697892083459290 1.0053790466489800
7.9299999999998800 0.9722353381306060 1.0150891693813700
7.9399999999998800 0.9746814679152840 1.0248237534115900
7.9499999999998700 0.9771275976999620 1.0345827987396700
7.9599999999998700 0.9795737274846400 1.0443663053655900
7.9699999999998700 0.9820198572693180 1.0541742732893600
7.9799999999998700 0.9844659870539960 1.0640067025109800
7.9899999999998700 0.9869121168386730 1.0738635930304400
7.9999999999998700 0.9893582466233510 1.0837449448477500
8.0099999999998700 0.9843027334518010 1.0936132497481300
8.0199999999998700 0.9792472202801560 1.1034309995167900
8.0299999999998700 0.9741917071085100 1.1131981941537300
8.0399999999998700 0.9691361939368650 1.1229148336589600
8.0499999999998700 0.9640806807652200 1.1325809180324700
8.0599999999998700 0.9590251675935750 1.1421964472742600
8.0699999999998700 0.9539696544219300 1.1517614213843400
8.0799999999998700 0.9489141412502850 1.1612758403627000
8.0899999999998700 0.9438586280786400 1.1707397042093400
8.0999999999998700 0.9388031149069940 1.1801530129242700
8.1099999999998700 0.9337476017353490 1.1895157665074800
8.1199999999998700 0.9286920885637040 1.1988279649589800
8.1299999999998700 0.9236365753920590 1.2080896082787600
8.1399999999998700 0.9185810622204140 1.2173006964668200
8.1499999999998700 0.9135255490487690 1.2264612295231700
8.1599999999998700 0.9084700358771240 1.2355712074478000
8.1699999999998700 0.9034145227054780 1.2446306302407100
8.1799999999998700 0.8983590095338330 1.2536394979019000
8.1899999999998700 0.8933034963621880 1.2625978104313800
8.1999999999998700 0.8882479831905430 1.2715055678291500
8.2099999999998700 0.8831924700188980 1.2803627700951900
8.2199999999998700 0.8781369568472530 1.2891694172295300
8.2299999999998700 0.8730814436756080 1.2979255092321400
8.2399999999998700 0.8680259305039620 1.3066310461030400
8.2499999999998700 0.8629704173323170 1.3152860278422200
8.2599999999998700 0.8579149041606720 1.3238904544496800
8.2699999999998700 0.8528593909890270 1.3324443259254300
8.2799999999998700 0.8478038778173820 1.3409476422694600
8.2899999999998700 0.8427483646457370 1.3494004034817800
8.2999999999998700 0.8376928514740920 1.3578026095623800
8.3099999999998700 0.8326373383024470 1.3661542605112600
8.3199999999998700 0.8275818251308010 1.3744553563284300
8.3299999999998700 0.8225263119591560 1.3827058970138800
8.3399999999998700 0.8174707987875110 1.3909058825676100
8.3499999999998700 0.8124152856158660 1.3990553129896300
8.3599999999998700 0.8073597724442210 1.4071541882799300
8.3699999999998700 0.8023042592725760 1.4152025084385100
8.3799999999998700 0.7972487461009310 1.4232002734653800
8.3899999999998700 0.7921932329292850 1.4311474833605300
8.3999999999998700 0.7871377197576400 1.4390441381239600
8.4099999999998700 0.7820822065859950 1.4468902377556800
8.4199999999998600 0.7770266934143500 1.4546857822556800
8.4299999999998600 0.7719711802427050 1.4624307716239700
8.4399999999998600 0.7669156670710600 1.4701252058605400
8.4499999999998600 0.7618601538994150 1.4777690849653900
8.4599999999998600 0.7568046407277690 1.4853624089385200
8.4699999999998600 0.7517491275561240 1.4929051777799400
8.4799999999998600 0.7466936143844790 1.5003973914896500
8.4899999999998600 0.7416381012128340 1.5078390500676300
8.4999999999998600 0.7365825880411890 1.5152301535139000
8.5099999999998600 0.7315270748695440 1.5225707018284600
8.5199999999998600 0.7264715616978990 1.5298606950112900
8.5299999999998600 0.7214160485262540 1.5371001330624100
8.5399999999998600 0.7163605353546080 1.5442890159818200
8.5499999999998600 0.7113050221829630 1.5514273437695100
8.5599999999998600 0.7062495090113180 1.5585151164254800
8.5699999999998600 0.7011939958396730 1.5655523339497300
8.5799999999998600 0.6961384826680280 1.5725389963422700
8.5899999999998600 0.6910829694963830 1.5794751036030900
8.5999999999998600 0.6860274563247370 1.5863606557322000
8.6099999999998600 0.6809719431530920 1.5931956527295900
8.6199999999998600 0.6759164299814470 1.5999800945952600
8.6299999999998600 0.6708609168098020 1.6067139813292100
8.6399999999998600 0.6658054036381570 1.6133973129314500
8.6499999999998600 0.6607498904665120 1.6200300894019800
8.6599999999998600 0.6556943772948670 1.6266123107407800
8.6699999999998600 0.6506388641232220 1.6331439769478700
8.6799999999998600 0.6455833509515760 1.6396250880232500
8.6899999999998600 0.6405278377799310 1.6460556439669100
8.6999999999998600 0.6354723246082860 1.6524356447788500
8.7099999999998600 0.6304168114366410 1.6587650904590700
8.7199999999998600 0.6253612982649960 1.6650439810075800
8.7299999999998600 0.6203057850933510 1.6712723164243700
8.7399999999998600 0.6152502719217060 1.6774500967094500
8.7499999999998600 0.6101947587500600 1.6835773218628000
8.7599999999998600 0.6051392455784150 1.6896539918844500
8.7699999999998600 0.6000837324067700 1.6956801067743700
8.7799999999998600 0.5950282192351250 1.7016556665325800
8.7899999999998600 0.5899727060634800 1.7075806711590800
8.7999999999998600 0.5849171928918350 1.7134551206538500
