0.0000000000000000 138.6443492429060000
0.1000000000000000 136.2101294380930000
0.2000000000000000 133.8186479496300000
0.3000000000000000 131.4691544082690000
0.4000000000000000 129.1609116192170000
0.5000000000000000 126.8931953308280000
0.6000000000000000 124.6652940073550000
0.7000000000000000 122.4765086056940000
0.8000000000000000 120.3261523560500000
0.9000000000000000 118.2135505464440000
1.0000000000000000 116.1380403110200000
1.1000000000000000 114.0989704220480000
1.2000000000000000 112.0957010855990000
1.3000000000000000 110.1276037407950000
1.4000000000000000 108.1940608625870000
1.5000000000000000 106.2944657679930000
1.6000000000000000 104.4282224257480000
1.7000000000000000 102.5947452692800000
1.8000000000000000 100.7934590129840000
1.9000000000000000 99.0237984717156000
2.0000000000000000 97.2852083834503000
2.1000000000000000 95.5771432350647000
2.2000000000000000 93.8990670911702000
2.3000000000000000 92.2504534259542000
2.4000000000000000 90.6307849579732000
2.5000000000000000 89.0395534878469000
2.6000000000000000 87.4762597388017000
2.7000000000000000 85.9404132000139000
2.8000000000000000 84.4315319727032000
2.9000000000000000 82.9491426189286000
3.0000000000000000 81.4927800130388000
3.1000000000000000 80.0619871957311000
3.2000000000000000 78.6563152306723000
3.3000000000000000 77.2753230636370000
3.4000000000000000 75.9185773841192000
3.5000000000000000 74.5856524893735000
3.6000000000000000 73.2761301508432000
3.7000000000000000 71.9895994829343000
3.8000000000000000 70.7256568140922000
3.9000000000000000 69.4839055601434000
4.0000000000000000 68.2639560998595000
4.1000000000000000 67.0654256527075000
4.2000000000000000 65.8879381587451000
4.3000000000000000 64.7311241606258000
4.4000000000000000 63.5946206876744000
4.5000000000000000 62.4780711419997000
4.6000000000000000 61.3811251866045000
4.7000000000000000 60.3034386354621000
4.8000000000000000 59.2446733455214000
4.9000000000000000 58.2044971106090000
5.0000000000000000 57.1825835571930000
5.1000000000000000 56.1786120419786000
5.2000000000000000 55.1922675512996000
5.3000000000000000 54.2232406022780000
5.4000000000000000 53.2712271457181000
5.5000000000000000 52.3359284707058000
5.6000000000000000 51.4170511108829000
5.7000000000000000 50.5143067523664000
5.8000000000000000 49.6274121432857000
5.9000000000000000 48.7560890049068000
6.0000000000000000 47.9000639443177000
6.1000000000000000 47.0590683686466000
6.2000000000000000 46.2328384007859000
6.3000000000000000 45.4211147965965000
6.4000000000000000 44.6236428635654000
6.5000000000000000 43.8401723808910000
6.6000000000000000 43.0704575209725000
6.7000000000000000 42.3142567722766000
6.8000000000000000 41.5713328635598000
6.9000000000000000 40.8414526894196000
7.0000000000000000 40.1243872371539000
7.1000000000000000 39.4199115149046000
7.2000000000000000 38.7278044810618000
7.3000000000000000 38.0478489749085000
7.4000000000000000 37.3798316484828000
7.5000000000000000 36.7235428996358000
7.6000000000000000 36.0787768062656000
7.7000000000000000 35.4453310617052000
7.8000000000000000 34.8230069112459000
7.9000000000000000 34.2116090897739000
8.0000000000000000 33.6109457605029000
8.1000000000000000 33.0208284547814000
8.2000000000000000 32.4410720129581000
8.3000000000000000 31.8714945262841000
8.4000000000000000 31.3119172798363000
8.5000000000000000 30.7621646964424000
8.6000000000000000 30.2220642815901000
8.7000000000000000 29.6914465693046000
8.8000000000000000 29.1701450689748000
8.9000000000000000 28.6579962131150000
9.0000000000000000 28.1548393060419000
9.1000000000000000 27.6605164734536000
9.2000000000000000 27.1748726128943000
9.3000000000000000 26.6977553450878000
9.4000000000000000 26.2290149661256000
9.5000000000000000 25.7685044004954000
9.6000000000000000 25.3160791549326000
9.7000000000000000 24.8715972730840000
9.8000000000000000 24.4349192909658000
9.9000000000000000 24.0059081932046000
10.0000000000000000 23.5844293700464000
10.1000000000000000 23.1703505751204000
10.2000000000000000 22.7635418839446000
10.3000000000000000 22.3638756531593000
10.4000000000000000 21.9712264804769000
10.5000000000000000 21.5854711653352000
10.6000000000000000 21.2064886702403000
10.7000000000000000 20.8341600827894000
10.8000000000000000 20.4683685783601000
10.9000000000000000 20.1089993834543000
11.0000000000000000 19.7559397396860000
11.1000000000000000 19.4090788684017000
11.2000000000000000 19.0683079359212000
11.3000000000000000 18.7335200193897000
11.4000000000000000 18.4046100732283000
11.5000000000000000 18.0814748961744000
11.6000000000000000 17.7640130989006000
11.7000000000000000 17.4521250722018000
11.8000000000000000 17.1457129557411000
11.9000000000000000 16.8446806073445000
12.0000000000000000 16.5489335728345000
12.1000000000000000 16.2583790563936000
12.2000000000000000 15.9729258914478000
12.3000000000000000 15.6924845120616000
12.4000000000000000 15.4169669248351000
12.5000000000000000 15.1462866812946000
12.6000000000000000 14.8803588507676000
12.7000000000000000 14.6190999937347000
12.8000000000000000 14.3624281356488000
12.9000000000000000 14.1102627412139000
13.0000000000000000 13.8625246891162000
13.1000000000000000 13.6191362471982000
13.2000000000000000 13.3800210480688000
13.3000000000000000 13.1451040651418000
13.4000000000000000 12.9143115890947000
13.5000000000000000 12.6875712047417000
13.6000000000000000 12.4648117683116000
13.7000000000000000 12.2459633851256000
13.8000000000000000 12.0309573876661000
13.9000000000000000 11.8197263140316000
14.0000000000000000 11.6122038867693000
14.1000000000000000 11.4083249920790000
14.2000000000000000 11.2080256593827000
14.3000000000000000 11.0112430412528000
14.4000000000000000 10.8179153936927000
14.5000000000000000 10.6279820567632000
14.6000000000000000 10.4413834355497000
14.7000000000000000 10.2580609814630000
14.8000000000000000 10.0779571738688000
14.9000000000000000 9.9010155020397200
15.0000000000000000 9.7271804474237900
15.1000000000000000 9.5563974662246900
15.2000000000000000 9.3886129722876300
15.3000000000000000 9.2237743202858000
15.4000000000000000 9.0618297892019300
15.5000000000000000 8.9027285660999500
15.6000000000000000 8.7464207301815100
15.7000000000000000 8.5928572371224600
15.8000000000000000 8.4419899036843600
15.9000000000000000 8.2937713925961000
16.0000000000000000 8.1481551977010400
16.1000000000000000 8.0050956293648800
16.2000000000000000 7.8645478001397200
16.3000000000000000 7.7264676106798300
16.4000000000000000 7.5908117359047600
16.5000000000000000 7.4575376114052700
16.6000000000000000 7.3266034200880300
16.7000000000000000 7.1979680790548000
16.8000000000000000 7.0715912267118700
16.9000000000000000 6.9474332101060300
17.0000000000000000 6.8254550724826200
17.1000000000000000 6.7056185410622600
17.2000000000000000 6.5878860150320800
17.3000000000000000 6.4722205537477600
17.4000000000000000 6.3585858651428100
17.5000000000000000 6.2469462943412600
17.6000000000000000 6.1372668124703500
17.7000000000000000 6.0295130056695700
17.8000000000000000 5.9236510642927400
17.9000000000000000 5.8196477722996200
18.0000000000000000 5.7174704968338000
18.1000000000000000 5.6170871779836000
18.2000000000000000 5.5184663187226400
18.3000000000000000 5.4215769750271700
18.4000000000000000 5.3263887461667900
18.5000000000000000 5.2328717651657200
18.6000000000000000 5.1409966894314800
18.7000000000000000 5.0507346915481800
18.8000000000000000 4.9620574502313700
18.9000000000000000 4.8749371414417700
19.0000000000000000 4.7893464296549600
19.1000000000000000 4.7052584592844300
19.2000000000000000 4.6226468462551200
19.3000000000000000 4.5414856697249500
19.4000000000000000 4.4617494639517700
19.5000000000000000 4.3834132103029600
19.6000000000000000 4.3064523294054100
19.7000000000000000 4.2308426734333700
19.8000000000000000 4.1565605185315600
19.9000000000000000 4.0835825573714700
