0.0000000000000000 143.2082341196780000
0.1000000000000000 140.7560770812820000
0.2000000000000000 138.3459083697300000
0.3000000000000000 135.9770090181850000
0.4000000000000000 133.6486723706890000
0.5000000000000000 131.3602038713700000
0.6000000000000000 129.1109208572450000
0.7000000000000000 126.9001523545810000
0.8000000000000000 124.7272388787420000
0.9000000000000000 122.5915322374570000
1.0000000000000000 120.4923953374610000
1.1000000000000000 118.4292019944520000
1.2000000000000000 116.4013367462870000
1.3000000000000000 114.4081946693970000
1.4000000000000000 112.4491811983260000
1.5000000000000000 110.5237119483750000
1.6000000000000000 108.6312125412710000
1.7000000000000000 106.7711184338340000
1.8000000000000000 104.9428747495630000
1.9000000000000000 103.1459361131180000
2.0000000000000000 101.3797664876320000
2.1000000000000000 99.6438390148041000
2.2000000000000000 97.9376358577376000
2.3000000000000000 96.2606480464663000
2.4000000000000000 94.6123753261253000
2.5000000000000000 92.9923260077223000
2.6000000000000000 91.4000168214638000
2.7000000000000000 89.8349727725934000
2.8000000000000000 88.2967269996981000
2.9000000000000000 86.7848206354406000
3.0000000000000000 85.2988026696772000
3.1000000000000000 83.8382298149182000
3.2000000000000000 82.4026663740934000
3.3000000000000000 80.9916841105809000
3.4000000000000000 79.6048621204620000
3.5000000000000000 78.2417867069625000
3.6000000000000000 76.9020512570456000
3.7000000000000000 75.5852561201163000
3.8000000000000000 74.2910084888035000
3.9000000000000000 73.0189222817835000
4.0000000000000000 71.7686180286097000
4.1000000000000000 70.5397227565144000
4.2000000000000000 69.3318698791490000
4.3000000000000000 68.1446990872293000
4.4000000000000000 66.9778562410528000
4.5000000000000000 65.8309932648577000
4.6000000000000000 64.7037680429888000
4.7000000000000000 63.5958443178437000
4.8000000000000000 62.5068915895641000
4.9000000000000000 61.4365850174470000
5.0000000000000000 60.3846053230418000
5.1000000000000000 59.3506386949085000
5.2000000000000000 58.3343766950058000
5.3000000000000000 57.3355161666821000
5.4000000000000000 56.3537591442425000
5.5000000000000000 55.3888127640635000
5.6000000000000000 54.4403891772307000
5.7000000000000000 53.5082054636714000
5.8000000000000000 52.5919835477583000
5.9000000000000000 51.6914501153577000
6.0000000000000000 50.8063365322985000
6.1000000000000000 49.9363787642370000
6.2000000000000000 49.0813172978944000
6.3000000000000000 48.2408970636417000
6.4000000000000000 47.4148673594121000
6.5000000000000000 46.6029817759140000
6.6000000000000000 45.8049981231268000
6.7000000000000000 45.0206783580533000
6.8000000000000000 44.2497885137111000
6.9000000000000000 43.4920986293380000
7.0000000000000000 42.7473826817941000
7.1000000000000000 42.0154185181374000
7.2000000000000000 41.2959877893548000
7.3000000000000000 40.5888758852268000
7.4000000000000000 39.8938718703086000
7.5000000000000000 39.2107684210064000
7.6000000000000000 38.5393617637319000
7.7000000000000000 37.8794516141155000
7.8000000000000000 37.2308411172603000
7.9000000000000000 36.5933367890191000
8.0000000000000000 35.9667484582770000
8.1000000000000000 35.3508892102224000
8.2000000000000000 34.7455753305892000
8.3000000000000000 34.1506262508540000
8.4000000000000000 33.5658644943710000
8.5000000000000000 32.9911156234302000
8.6000000000000000 32.4262081872215000
8.7000000000000000 31.8709736706900000
8.8000000000000000 31.3252464442667000
8.9000000000000000 30.7888637144609000
9.0000000000000000 30.2616654752973000
9.1000000000000000 29.7434944605859000
9.2000000000000000 29.2341960970081000
9.3000000000000000 28.7336184580072000
9.4000000000000000 28.2416122184673000
9.5000000000000000 27.7580306101690000
9.6000000000000000 27.2827293780076000
9.7000000000000000 26.8155667369613000
9.8000000000000000 26.3564033297954000
9.9000000000000000 25.9051021854915000
10.0000000000000000 25.4615286783884000
10.1000000000000000 25.0255504880223000
10.2000000000000000 24.5970375596550000
10.3000000000000000 24.1758620654778000
10.4000000000000000 23.7618983664799000
10.5000000000000000 23.3550229749692000
10.6000000000000000 22.9551145177355000
10.7000000000000000 22.5620536998442000
10.8000000000000000 22.1757232690500000
10.9000000000000000 21.7960079808196000
11.0000000000000000 21.4227945639540000
11.1000000000000000 21.0559716867987000
11.2000000000000000 20.6954299240332000
11.3000000000000000 20.3410617240285000
11.4000000000000000 19.9927613767641000
11.5000000000000000 19.6504249822937000
11.6000000000000000 19.3139504197519000
11.7000000000000000 18.9832373168905000
11.8000000000000000 18.6581870201370000
11.9000000000000000 18.3387025651657000
12.0000000000000000 18.0246886479727000
12.1000000000000000 17.7160515964462000
12.2000000000000000 17.4126993424235000
12.3000000000000000 17.1145413942268000
12.4000000000000000 16.8214888096688000
12.5000000000000000 16.5334541695206000
12.6000000000000000 16.2503515514344000
12.7000000000000000 15.9720965043122000
12.8000000000000000 15.6986060231137000
12.9000000000000000 15.4297985240951000
13.0000000000000000 15.1655938204726000
13.1000000000000000 14.9059130985021000
13.2000000000000000 14.6506788939684000
13.3000000000000000 14.3998150690776000
13.4000000000000000 14.1532467897444000
13.5000000000000000 13.9109005032689000
13.6000000000000000 13.6727039163952000
13.7000000000000000 13.4385859737463000
13.8000000000000000 13.2084768366273000
13.9000000000000000 12.9823078621928000
14.0000000000000000 12.7600115829699000
14.1000000000000000 12.5415216867322000
14.2000000000000000 12.3267729967189000
14.3000000000000000 12.1157014521920000
14.4000000000000000 11.9082440893265000
14.5000000000000000 11.7043390224281000
14.6000000000000000 11.5039254254723000
14.7000000000000000 11.3069435139596000
14.8000000000000000 11.1133345270816000
14.9000000000000000 10.9230407101922000
15.0000000000000000 10.7360052975790000
15.1000000000000000 10.5521724955300000
15.2000000000000000 10.3714874656898000
15.3000000000000000 10.1938963087010000
15.4000000000000000 10.0193460481262000
15.5000000000000000 9.8477846146439300
15.6000000000000000 9.6791608305169400
15.7000000000000000 9.5134243943251400
15.8000000000000000 9.3505258659605300
15.9000000000000000 9.1904166518789300
16.0000000000000000 9.0330489906042300
16.1000000000000000 8.8783759384809000
16.2000000000000000 8.7263513556704200
16.3000000000000000 8.5769298923875300
16.4000000000000000 8.4300669753721100
16.5000000000000000 8.2857187945927100
16.6000000000000000 8.1438422901778300
16.7000000000000000 8.0043951395708700
16.8000000000000000 7.8673357449050800
16.9000000000000000 7.7326232205947300
17.0000000000000000 7.6002173811386100
17.1000000000000000 7.4700787291326000
17.2000000000000000 7.3421684434872700
17.3000000000000000 7.2164483678473500
17.4000000000000000 7.0928809992095500
17.5000000000000000 6.9714294767350800
17.6000000000000000 6.8520575707539700
17.7000000000000000 6.7347296719574900
17.8000000000000000 6.6194107807757000
17.9000000000000000 6.5060664969369200
18.0000000000000000 6.3946630092058900
18.1000000000000000 6.2851670852977100
18.2000000000000000 6.1775460619644800
18.3000000000000000 6.0717678352516200
18.4000000000000000 5.9678008509211400
18.5000000000000000 5.8656140950387800
18.6000000000000000 5.7651770847224500
18.7000000000000000 5.6664598590489200
18.8000000000000000 5.5694329701163900
18.9000000000000000 5.4740674742599900
19.0000000000000000 5.3803349234176800
19.1000000000000000 5.2882073566441200
19.2000000000000000 5.1976572917696800
19.3000000000000000 5.1086577172024100
19.4000000000000000 5.0211820838702900
19.5000000000000000 4.9352042973015500
19.6000000000000000 4.8506987098404600
19.7000000000000000 4.7676401129965700
19.8000000000000000 4.6860037299248200
19.9000000000000000 4.6057652080345200
