0.0000000000000000 147.7721189964490000
0.1000000000000000 145.3060170851880000
0.2000000000000000 142.8810708308800000
0.3000000000000000 140.4965934054230000
0.4000000000000000 138.1519094428750000
0.5000000000000000 135.8463548481700000
0.6000000000000000 133.5792766090270000
0.7000000000000000 131.3500326109880000
0.8000000000000000 129.1579914555520000
0.9000000000000000 127.0025322813440000
1.0000000000000000 124.8830445882590000
1.1000000000000000 122.7989280645550000
1.2000000000000000 120.7495924168200000
1.3000000000000000 118.7344572027800000
1.4000000000000000 116.7529516668990000
1.5000000000000000 114.8045145787230000
1.6000000000000000 112.8885940739160000
1.7000000000000000 111.0046474979590000
1.8000000000000000 109.1521412524470000
1.9000000000000000 107.3305506439550000
2.0000000000000000 105.5393597354310000
2.1000000000000000 103.7780612000620000
2.2000000000000000 102.0461561775820000
2.3000000000000000 100.3431541329780000
2.4000000000000000 98.6685727175543000
2.5000000000000000 97.0219376323120000
2.6000000000000000 95.4027824936147000
2.7000000000000000 93.8106487010907000
2.8000000000000000 92.2450853077422000
2.9000000000000000 90.7056488922210000
3.0000000000000000 89.1919034332373000
3.1000000000000000 87.7034201860627000
3.2000000000000000 86.2397775610952000
3.3000000000000000 84.8005610044506000
3.4000000000000000 83.3853628805467000
3.5000000000000000 81.9937823566466000
3.6000000000000000 80.6254252893293000
3.7000000000000000 79.2799041128547000
3.8000000000000000 77.9568377293917000
3.9000000000000000 76.6558514010781000
4.0000000000000000 75.3765766438820000
4.1000000000000000 74.1186511232345000
4.2000000000000000 72.8817185514042000
4.3000000000000000 71.6654285865840000
4.4000000000000000 70.4694367336624000
4.5000000000000000 69.2934042466508000
4.6000000000000000 68.1369980327387000
4.7000000000000000 66.9998905579507000
4.8000000000000000 65.8817597543774000
4.9000000000000000 64.7822889289545000
5.0000000000000000 63.7011666737651000
5.1000000000000000 62.6380867778377000
5.2000000000000000 61.5927481404167000
5.3000000000000000 60.5648546856808000
5.4000000000000000 59.5541152788839000
5.5000000000000000 58.5602436438954000
5.6000000000000000 57.5829582821176000
5.7000000000000000 56.6219823927551000
5.8000000000000000 55.6770437944156000
5.9000000000000000 54.7478748480187000
6.0000000000000000 53.8342123809912000
6.1000000000000000 52.9357976127278000
6.2000000000000000 52.0523760812953000
6.3000000000000000 51.1836975713603000
6.4000000000000000 50.3295160433201000
6.5000000000000000 49.4895895636148000
6.6000000000000000 48.6636802362045000
6.7000000000000000 47.8515541351883000
6.8000000000000000 47.0529812385485000
6.9000000000000000 46.2677353630007000
7.0000000000000000 45.4955940999310000
7.1000000000000000 44.7363387524016000
7.2000000000000000 43.9897542732093000
7.3000000000000000 43.2556292039757000
7.4000000000000000 42.5337556152557000
7.5000000000000000 41.8239290476445000
7.6000000000000000 41.1259484538674000
7.7000000000000000 40.4396161418367000
7.8000000000000000 39.7647377186584000
7.9000000000000000 39.1011220355732000
8.0000000000000000 38.4485811338169000
8.1000000000000000 37.8069301913840000
8.2000000000000000 37.1759874706796000
8.3000000000000000 36.5555742670450000
8.4000000000000000 35.9455148581428000
8.5000000000000000 35.3456364541858000
8.6000000000000000 34.7557691489975000
8.7000000000000000 34.1757458718883000
8.8000000000000000 33.6054023403358000
8.9000000000000000 33.0445770134540000
9.0000000000000000 32.4931110462397000
9.1000000000000000 31.9508482445817000
9.2000000000000000 31.4176350210218000
9.3000000000000000 30.8933203512532000
9.4000000000000000 30.3777557313450000
9.5000000000000000 29.8707951356816000
9.6000000000000000 29.3722949756023000
9.7000000000000000 28.8821140587326000
9.8000000000000000 28.4001135489936000
9.9000000000000000 27.9261569272788000
10.0000000000000000 27.4601099527870000
10.1000000000000000 27.0018406250010000
10.2000000000000000 26.5512191463006000
10.3000000000000000 26.1081178851989000
10.4000000000000000 25.6724113401931000
10.5000000000000000 25.2439761042184000
10.6000000000000000 24.8226908296942000
10.7000000000000000 24.4084361941549000
10.8000000000000000 24.0010948664533000
10.9000000000000000 23.6005514735285000
11.0000000000000000 23.2066925677286000
11.1000000000000000 22.8194065946778000
11.2000000000000000 22.4385838616808000
11.3000000000000000 22.0641165066542000
11.4000000000000000 21.6958984675757000
11.5000000000000000 21.3338254524442000
11.6000000000000000 20.9777949097405000
11.7000000000000000 20.6277059993812000
11.8000000000000000 20.2834595641574000
11.9000000000000000 19.9449581016497000
12.0000000000000000 19.6121057366127000
12.1000000000000000 19.2848081938193000
12.2000000000000000 18.9629727713590000
12.3000000000000000 18.6465083143814000
12.4000000000000000 18.3353251892782000
12.5000000000000000 18.0293352582956000
12.6000000000000000 17.7284518545710000
12.7000000000000000 17.4325897575857000
12.8000000000000000 17.1416651690275000
12.9000000000000000 16.8555956890564000
13.0000000000000000 16.5743002929660000
13.1000000000000000 16.2976993082344000
13.2000000000000000 16.0257143919583000
13.3000000000000000 15.7582685086636000
13.4000000000000000 15.4952859084864000
13.5000000000000000 15.2366921057179000
13.6000000000000000 14.9824138577075000
13.7000000000000000 14.7323791441180000
13.8000000000000000 14.4865171465269000
13.9000000000000000 14.2447582283684000
14.0000000000000000 14.0070339152098000
14.1000000000000000 13.7732768753569000
14.2000000000000000 13.5434209007839000
14.3000000000000000 13.3174008883806000
14.4000000000000000 13.0951528215132000
14.5000000000000000 12.8766137518923000
14.6000000000000000 12.6617217817442000
14.7000000000000000 12.4504160462789000
14.8000000000000000 12.2426366964513000
14.9000000000000000 12.0383248820101000
15.0000000000000000 11.8374227348289000
15.1000000000000000 11.6398733525163000
15.2000000000000000 11.4456207822993000
15.3000000000000000 11.2546100051751000
15.4000000000000000 11.0667869203283000
15.5000000000000000 10.8820983298074000
15.6000000000000000 10.7004919234574000
15.7000000000000000 10.5219162641038000
15.8000000000000000 10.3463207729838000
15.9000000000000000 10.1736557154205000
16.0000000000000000 10.0038721867366000
16.1000000000000000 9.8369220984028500
16.2000000000000000 9.6727581644175800
16.3000000000000000 9.5113338879137700
16.4000000000000000 9.3526035479895800
16.5000000000000000 9.1965221867585200
16.6000000000000000 9.0430455966159300
16.7000000000000000 8.8921303077178300
16.8000000000000000 8.7437335756687200
16.9000000000000000 8.5978133694149900
17.0000000000000000 8.4543283593401900
17.1000000000000000 8.3132379055591300
17.2000000000000000 8.1745020464072600
17.3000000000000000 8.0380814871220700
17.4000000000000000 7.9039375887136100
17.5000000000000000 7.7720323570204600
17.6000000000000000 7.6423284319485600
17.7000000000000000 7.5147890768895400
17.8000000000000000 7.3893781683156000
17.9000000000000000 7.2660601855481600
18.0000000000000000 7.1448002006971000
18.1000000000000000 7.0255638687680700
18.2000000000000000 6.9083174179347400
18.3000000000000000 6.7930276399734700
18.4000000000000000 6.6796618808576400
18.5000000000000000 6.5681880315088600
18.6000000000000000 6.4585745187026000
18.7000000000000000 6.3507902961255600
18.8000000000000000 6.2448048355822900
18.9000000000000000 6.1405881183485700
19.0000000000000000 6.0381106266690400
19.1000000000000000 5.9373433353967800
19.2000000000000000 5.8382577037724100
19.3000000000000000 5.7408256673403300
19.4000000000000000 5.6450196299999300
19.5000000000000000 5.5508124561894000
19.6000000000000000 5.4581774632000300
19.7000000000000000 5.3670884136187500
19.8000000000000000 5.2775195078967500
19.9000000000000000 5.1894453770422500
