0 0 0
1 1 1
2 79.4 9.4
3 67 21.2
4 124.4 40
5 230 61.6
6 208 94
7 307.8 131.2
8 437.6 172
9 424.2 212
10 337.8 274
11 589.2 325.8
12 488.4 403.8
13 1386.2 464.8
14 1738.4 540.6
15 1217.2 643.2
16 1372.4 727.8
17 2468.8 837.8
18 1453.4 919.8
19 1063.8 1042.2
20 1630.2 1125.8
21 1117.4 1274.2
22 2223.2 1403.6
23 2623 1538.8
24 2442.8 1671
25 3092.2 1800.8
26 2140 1976.8
27 5367.2 2123.2
28 2850.4 2309.4
29 3805.4 2568.2
30 9883.4 2623.4
31 2870.6 2854.4
32 6076.8 3022
33 2695 3234
34 3627.8 3570.8
35 3674 3699.8
36 6666.8 3933.8
37 3216 4226.8
38 5200.6 4254.8
39 4659.4 4675.8
40 3307.8 4792.8
41 7350.8 5067.6
42 4719.2 5388.2
43 5279.6 5741.6
44 6326.6 5840.4
45 21676.2 6212.2
46 7806.6 6481.6
47 4311.6 6958.4
48 7062.4 7100.2
49 6265.8 7400.6
50 10543.4 7650.8
51 15136.8 8025
52 7693.6 8485.6
53 8608.6 8896.4
54 7950.6 9130.2
55 8016.4 9420.8
56 6310.6 9896
57 6933.6 10140.6
58 18036.6 10414
59 7017.8 10760.6
60 8266 11190
61 8637.6 11715.2
62 11089 12249.8
63 9696.8 12466.2
64 8352.8 13000.8
65 11020.4 13369.2
66 8661.4 13749.2
67 10781.6 14271.4
68 15603.4 14531.6
69 11347.4 14964.4
70 24665.8 15614.8
71 101507.2 15840.8
72 18617.4 16432.2
73 11516.6 16615
74 12203.8 17434
75 10643 17799.2
76 17143.2 18289.2
77 16387.2 18680.2
78 7385.6 19398.2
79 27785 19690
80 15692 20223.2
81 13271.8 20692.6
82 11019.6 21567.2
83 19632 21797.4
84 30554.6 22581.6
85 18180.6 22964.4
86 13355.6 23727.4
87 13994.2 24318
88 14624.4 24749.4
89 15572.6 25269.6
90 16718.4 25815.6
91 23144.8 26525.8
92 20991 27050.6
93 16661.6 27309
94 15932.6 28870.4
95 20124.4 28751.2
96 23684 29421.8
97 14793.4 30197.6
98 14839.2 30845
99 21807 31572
100 28159.6 31986.2
101 14757.2 32883.2
102 20835.2 33377.4
103 15632.8 33736.6
104 26895.8 34585.4
105 10630 35923.2
106 29438.4 36349.4
107 55689 36646
108 43407.8 37910.2
109 28480 38068.8
110 20814 38851.6
111 21943.2 40035.6
112 17994.8 40478.4
113 32167.6 41124.2
114 22581.6 41842.4
115 45794.8 42561.2
116 16344.2 43757.2
117 32205.4 44136.4
118 18448.4 45001.8
119 36980.6 46102.6
120 34429.6 45824.4
121 27378.2 47159.8
122 25663.8 48160.2
123 22814.8 49198.2
124 56898.4 49780.2
125 41349 50282.2
126 24002.2 51187.8
127 44272.8 51556.4
128 26326.8 53042.8
129 40811.6 53269.6
130 32258.6 54986.2
131 35956.6 55539.6
132 56302.6 56305.4
133 26436.4 56914.6
134 30384 58507.6
135 23256 58973.8
136 18604.2 59380.8
137 30265.2 60688.6
138 74945 61578
139 70878.8 62239.4
140 45581.4 64242.8
141 102650.4 64389.2
142 27906.6 65024
143 52840.8 66049.8
144 42627.8 66671.4
145 46315.4 68178.2
146 32539 69731.8
147 63429.8 70104
148 27565 71258
149 60599.2 72779.4
