0 0.00124 0.00062
1 0.00086 0.00092
2 0.00726 0.00308
3 0.01348 0.00712
4 0.03454 0.01304
5 0.06122 0.02432
6 0.04554 0.03556
7 0.08832 0.0492
8 0.26788 0.07406
9 0.13064 0.09488
10 0.27684 0.12704
11 0.14216 0.15964
12 0.36416 0.1986
13 0.55846 0.2387
14 0.53576 0.41582
15 0.5135 0.37492
16 0.53692 0.43602
17 0.82962 0.53582
18 0.44464 0.63642
19 1.60122 0.70184
20 0.85148 0.81678
21 0.72412 1.14684
22 2.43628 1.31308
23 1.09918 1.16066
24 1.14038 1.39246
25 1.83096 1.47122
26 1.84412 1.62268
27 1.53424 1.9009
28 3.42426 2.36362
29 2.14488 2.23798
30 2.65986 2.4991
31 4.96586 2.71952
32 3.15036 2.93182
33 3.09972 3.19582
34 7.31632 3.52182
35 3.90294 3.85804
36 4.71402 3.99832
37 4.25058 4.56882
38 4.57904 4.79324
39 5.3039 5.2046
40 3.98606 5.59104
41 6.85874 5.95968
42 6.15274 6.32868
43 8.3968 6.68674
44 5.31118 7.43358
45 9.1264 7.67862
46 7.1514 8.30488
47 8.5836 8.8355
48 10.86556 9.50838
49 18.74368 10.14648
50 5.03024 10.51982
51 11.35164 11.29752
52 9.15556 11.5647
53 10.57486 12.56876
54 12.37442 13.39332
55 10.947 14.00076
56 11.11884 14.75106
57 17.97104 15.68288
58 18.69856 16.771
59 12.31424 17.70608
60 15.9162 17.80326
61 21.49922 19.642
62 36.40712 20.32822
63 16.13504 20.73552
64 14.55408 21.70974
65 26.93644 22.66292
66 16.7255 23.1495
67 26.85314 28.43752
68 20.92564 26.15174
69 18.265 28.48092
70 28.76316 30.57132
71 35.9599 29.83344
72 32.7715 30.82128
73 19.7983 34.84768
74 41.69302 33.84076
75 19.3428 34.47202
76 36.04722 36.05002
77 27.77534 37.88992
78 41.17308 38.8646
79 27.37466 40.48012
80 24.72814 42.16136
81 55.57566 43.56694
82 22.10708 45.56122
83 29.06826 47.0318
84 49.94206 52.26938
85 48.37952 50.95138
86 38.14424 54.82242
87 60.32316 58.40518
88 40.16062 61.07434
89 26.99894 57.55016
90 22.46672 59.96906
91 29.1571 60.80966
92 27.56126 62.66754
93 51.0035 65.55404
94 27.8324 68.40504
95 78.72504 71.10614
96 67.9417 72.01458
97 58.73364 74.9456
98 38.85996 80.36222
99 68.36684 85.02822
100 50.7003 82.25774
101 70.21534 88.56766
102 82.36234 89.49544
103 89.1835 91.63914
104 65.54956 102.89816
105 155.28144 105.78022
106 62.16422 97.23996
107 40.46886 99.89294
108 51.13378 102.76058
109 60.02806 103.93552
110 191.23724 105.98342
111 45.67646 110.33122
112 118.49012 119.48314
113 66.6282 116.86332
114 143.62428 120.6501
115 66.69554 137.05338
116 127.1052 143.1187
117 59.82894 176.44968
118 71.50714 183.4948
119 68.92386 198.39826
120 127.21866 180.08076
121 119.7267 187.2478
122 58.0565 164.84766
123 56.65472 168.52252
124 112.2297 152.12386
125 148.00078 170.25606
126 96.58474 188.1194
127 87.70494 170.24596
128 88.59136 168.46356
129 174.94788 201.39574
130 83.88324 206.81614
131 120.83644 188.96128
132 131.45656 197.3244
133 142.92738 195.5219
134 142.66754 195.01298
135 75.90244 194.77886
136 128.1074 201.21294
137 132.58522 207.92678
138 89.08516 209.71568
139 151.05758 214.75022
140 119.96938 216.37192
141 110.87018 249.69698
142 86.71018 235.78004
143 87.36746 232.52286
144 84.16538 237.10816
145 137.21376 242.7155
146 81.88538 249.8075
147 254.98832 250.1544
148 112.48138 259.86586
149 162.69058 271.32206
