0 0 0
1 1 1
2 16.4 8.8
3 132 21
4 231.8 37.6
5 412.6 60.8
6 827.2 89.8
7 1311.8 128.4
8 1342.8 172.2
9 2104 211.2
10 2948 271.8
11 4319.4 339.8
12 4697.2 404.4
13 7275 463
14 7285.2 537.8
15 10559.6 631.4
16 10822 723.2
17 12994 835.8
18 15931.4 933.4
19 19535.2 1045.2
20 22996.6 1148.6
21 24698.4 1266.8
22 31296.4 1451.8
23 36039.2 1529.6
24 37387.2 1726.8
25 46219 1865.4
26 49157.4 2062.2
27 48808.8 2131
28 55224.4 2308.4
29 53118.6 2405.6
30 70700.2 2698.8
31 83408.4 2947.2
32 75681.8 3104.8
33 97329.6 3253.4
34 96266 3509.8
35 116042.2 3706.4
36 102095 3770
37 130906 4104.4
38 138890.6 4349.4
39 161824 4537.6
40 157559.8 4848.8
41 181378.6 5163
42 182385 5380.8
43 196006.2 5672
44 200164.2 5884.8
45 211147.4 6220
46 232249.6 6614
47 258970.4 6708
48 265741.8 7087
49 285803.6 7535.8
