5 0.0161231730094647
6 0.0239462478647325
7 0.0348641655198864
8 0.0493927331082408
9 0.06804775776311
10 0.0913450466178085
11 0.119800406805651
12 0.153929645459951
13 0.194248569714023
14 0.241272986701182
15 0.295518703554742
16 0.357501527408017
17 0.427737265394322
18 0.506741724646971
19 0.595030712299279
20 0.693120035484559
21 0.801525501336127
22 0.920762916987296
23 1.05134808957138
24 1.1937968262217
25 1.34862493407156
26 1.51634822025427
27 1.69748249190317
28 1.89254355615155
29 2.10204722013273
