0 0.00122 0.00076
1 0.00134 0.0007
2 0.00688 0.00278
3 0.02738 0.00684
4 0.07002 0.01436
5 0.09238 0.02226
6 0.21964 0.03404
7 0.33926 0.0513
8 0.51982 0.07106
9 0.78922 0.09362
10 1.17682 0.12504
11 1.23816 0.15804
12 1.97702 0.19424
13 2.6962 0.253
14 3.20368 0.30642
15 4.97914 0.37074
16 6.65078 0.43264
17 6.77704 0.5194
18 9.95128 0.59624
19 11.68872 0.70526
20 13.38216 0.79214
21 14.6289 0.92486
22 16.78772 1.04662
23 29.87068 1.19438
24 26.9328 1.32048
25 31.19028 1.47192
26 33.53602 1.61544
27 36.93044 1.80462
28 40.5333 2.0255
29 52.26594 2.70394
30 60.79196 2.44442
31 67.188 2.67378
32 75.13744 2.89056
33 84.31012 3.13994
34 96.53656 3.44292
35 107.13328 3.91534
36 113.0619 4.13828
37 135.52112 4.42968
38 211.59514 4.89546
39 145.63538 5.2761
40 172.65464 5.64412
41 164.9098 5.85988
42 216.7294 6.6203
43 256.51248 7.61878
44 230.16612 7.58932
45 308.70306 10.55866
46 417.4897 9.70854
47 321.54262 9.04824
48 396.05082 10.77992
49 390.46518 10.97818
