0 1
0.1 0.950083333333333
0.205377146278792 0.898032373390319
0.313195209534801 0.845951707816792
0.422620315431553 0.794927647675574
0.533692983867606 0.745647789854148
0.646836782828163 0.698676452568212
0.762697806744657 0.654575787775566
0.882130904997478 0.61397041288904
1.0062725756864 0.577602016870617
1.13051374939058 0.547714469443762
1.25237988771498 0.52517005551764
1.37167161592357 0.509921847783573
1.48893193643707 0.501721467701663
1.60486967270908 0.500341579766261
1.72018513837365 0.505623929871087
1.83554102439713 0.51747828561056
1.95158047308561 0.535873272652079
2.0689601927398 0.560830474454796
2.18839160560363 0.592424606818561
2.31069348087679 0.630791269759894
2.43686689189264 0.676145359022376
2.56821490040983 0.72881749621104
2.70106271650258 0.786838271933114
2.83182145776761 0.847618912715926
2.96000785007939 0.909734572314906
3.086198277704 0.972333691483406
3.21123335714859 1.03479534475625
3.33704397024394 1.09709276597591
3.46567198278502 1.15918965407802
3.5984161459094 1.22050307058055
3.73641760833512 1.28011499967975
3.88094518628709 1.33681553517133
4.03361813812309 1.38905815259636
4.18734406691491 1.4325111239829
4.33723507806014 1.46506322822741
4.48311924029 1.48673452268556
4.62625396464957 1.49794886544363
4.76813740214847 1.49901392982141
4.91021531058941 1.49003094960145
5.05388905589764 1.47090605128364
5.20061754293231 1.44136308586165
5.35206559618463 1.40093123538618
5.51031949393121 1.3488939609364
5.67824867131319 1.28417345388921
5.86021764802837 1.2050812711058
6.05467508154949 1.11315202771214
6.25385979082549 1.01460677449726
6.28318530717959 0.999956647716636
