0 1
0.0679391962398918 0.96607909478207
0.133245460740265 0.933659087084975
0.197644045709117 0.902002482851408
0.261825381350019 0.870890360983753
0.326111228096971 0.840291956638863
0.39069084962408 0.81024765883104
0.455708985003578 0.780826502262304
0.521300268811778 0.752110994810706
0.587604245593469 0.724192225971387
0.654773769954607 0.697168989304341
0.722981840774428 0.6711486655806
0.792429197443204 0.646249151779909
0.863354262281135 0.622601764563771
0.935480661000857 0.600520692182541
1.006917796377 0.580716433843087
1.07710950272792 0.563356908068693
1.14601429843401 0.548422051402087
1.21376271186664 0.535840965989406
1.28052784327929 0.525538611877209
1.34648122292175 0.51744922437424
1.41178055785425 0.511518599750208
1.47656857497776 0.507703151688391
1.54097526003321 0.505968355690146
1.60512081153639 0.506287351746438
1.66911848248759 0.508639872179088
1.73307713658917 0.513011486945067
1.79710355993764 0.519393123634769
1.86130463084886 0.527780825669239
1.92578946574127 0.538175728733612
1.99067166657178 0.550584254030706
2.05607181011725 0.565018536869001
2.12212034939264 0.581497132583335
2.18896115089293 0.600046072770731
2.25675598105566 0.620700389671782
2.32569040436206 0.643506296036983
2.3959818065599 0.668524321480357
2.46789069213629 0.695833901382705
2.54003112206701 0.724836101229527
2.61118013389362 0.754869158154885
2.68104749984564 0.78559717644909
2.74968427959537 0.81683280603916
2.81724641100882 0.848453180639194
2.88390867921811 0.880362919121194
2.94983709771536 0.912478420107076
3.01518255261983 0.944721256053616
3.08008154679341 0.977015318874572
3.14465891388768 1.00928546925432
3.20917969566247 1.0415310957075
3.27416973625035 1.0738817994851
3.33988512577892 1.10632534413574
3.40648553053313 1.13879074311247
3.47409981211114 1.17117890019638
3.54285225656792 1.20337350741575
3.61287449553103 1.23524432782421
3.68431264374265 1.26664739333037
3.75733348525088 1.2974237528353
3.83213154437389 1.32739726507379
3.90893835948257 1.3563714297596
3.9865078947564 1.38361006515688
4.06271643207606 1.40823700841136
4.13703126245806 1.43008165369996
4.20950888058929 1.44920901307025
4.28038016109881 1.46573885512797
4.34990057367147 1.47978696244386
4.41830434841931 1.49145058596611
4.48579561136837 1.50080790804566
4.5525510989732 1.50792100797608
4.61872553100537 1.51283905863294
4.68445683798235 1.51560093307158
4.74987057474387 1.51623714846617
4.815083529406 1.51477125797025
4.88020671005404 1.51122081403932
4.94534790645565 1.50559799831281
5.01061400068912 1.49790998102792
5.07611317751077 1.48815904545927
5.14195717372756 1.47634248970763
5.20826370912206 1.46245229671328
5.2751592621985 1.44647454039633
5.34278239718165 1.42838846731052
5.41128792420471 1.4081651534489
5.48085230110985 1.38576557570462
5.55168089762487 1.36113784089071
5.62401810763379 1.33421315203238
5.69816194608095 1.30489980207545
5.77448598462383 1.27307394311388
5.85152217268112 1.23943517400496
5.92735472110351 1.20502293508843
6.00141656733736 1.17035592495465
6.07365732768403 1.13571244767922
6.14419953019896 1.10126401732481
6.21320918955035 1.06713384424843
6.28085146848495 1.03342144053754
6.34727809900748 1.00021285930196
6.41262590394267 0.967585056354893
6.47755142752265 0.935344475182446
6.542369278923 0.903465888355285
6.60726430657689 0.871989951355717
6.67237467930411 0.840983528748968
6.7378243257273 0.810525193842667
6.80373668864089 0.780700294549768
6.8702417759383 0.751599735043353
6.93748114247685 0.723320303128888
7.00561275248306 0.695965784917332
7.07481676909105 0.669648670691078
7.14530315390568 0.644492514185789
7.21732220189416 0.620635183368305
7.29041540292095 0.59845415396154
7.36275212391203 0.578632377664733
7.433807481345 0.56132393898538
7.50355657806558 0.546501926729195
7.57213962529439 0.53409189217651
7.63973617675285 0.524016832135152
7.70652266396739 0.516209844705466
7.77266093333409 0.510616072433193
7.83829749200877 0.507191600323862
7.90356597959511 0.505901825711201
7.96859028005135 0.506720027883652
8.03348749077685 0.509626286466572
8.09837059836684 0.514606733599777
8.16335091628084 0.521653094893308
8.22854039879729 0.530762483232906
8.29405396155237 0.541937428190505
8.36001194965549 0.555186144633902
8.4265429150596 0.570523067112156
8.49378690472459 0.587969704637094
8.56189953079991 0.607555908714262
8.63105721112785 0.629321704361615
8.70146416473368 0.653319924158367
8.77336208308594 0.679620036481735
8.84687352856625 0.708245519306615
8.91979460648402 0.738225223165244
8.99145363409117 0.769070588391541
9.06177773082866 0.800524164565275
9.13089645808258 0.832431195902592
9.19899099699339 0.864681007799104
9.26624240047524 0.897181692502235
9.33281701556127 0.92984944022572
9.39886486468707 0.962604018377017
9.46452200600258 0.995366748990763
9.52991374428512 1.02805947092263
9.59561066454832 1.0608292259211
9.66196138137889 1.09370748835958
9.72916105309274 1.12663908737087
9.79735245679608 1.15953010738514
9.8666653688165 1.19226529438502
9.93723337608668 1.22471380884619
10.0092027828753 1.2567303687397
10.0827393511297 1.28815437514426
10.1580354036834 1.31880788437414
10.2353188293255 1.34849256992019
10.3143088498849 1.37679372016627
10.392177325715 1.40250945587616
10.4681223019414 1.42535611552107
10.5421230202105 1.44537270759914
10.614403357954 1.46268158893704
10.6852328428885 1.47740795716296
10.7548633727078 1.48965843555621
10.823515074412 1.49951888931237
10.8913779747528 1.50705734263857
10.9586176171331 1.51232750302849
11.0253808118822 1.51537170680077
11.0918005455535 1.51622312959349
11.1579999914483 1.51490737040591
11.2240958092566 1.51144354850395
11.290200953301 1.50584502367179
11.3564271855272 1.49811981397213
11.4228874629146 1.4882707536016
11.4896983546475 1.47629540692789
11.5569826466514 1.46218573056122
11.6248723129948 1.44592744964878
11.6935120807847 1.42749908290933
11.7630638986858 1.40687050677805
11.83371276029 1.38400088197511
11.9056745723032 1.35883565739853
11.9792071713219 1.33130218159604
12.0546263381562 1.30130312120116
12.1323300689935 1.26870625905371
12.210423809195 1.23441024489295
12.2871649011039 1.19940573039022
12.362063619956 1.16418993334007
12.4351032441074 1.12903331718929
12.506421656382 1.09410552508398
12.5761927638278 1.05953027522271
12.6445865988182 1.02540841576186
12.7117585500653 0.991827529622851
12.7779843677112 0.9587985410403
12.8438578251594 0.926164278369313
12.9096700087054 0.89391737789591
12.9756004556814 0.862107905681382
13.0417893306428 0.830809175500875
13.1083659708913 0.800105374300325
13.1754613876224 0.770087505660111
13.2432151236264 0.74085259914001
13.3117805465464 0.71250432817328
13.3813303738376 0.68515441259873
13.4520635085217 0.658924685902419
13.5242142342983 0.633949960107036
13.5980652302236 0.610382025774602
13.6720189331614 0.588930231749715
13.7448858207276 0.570009654244872
13.8164009833915 0.5536752714018
13.8866345686744 0.539869203681967
13.9557574970516 0.528510454805526
14.0239569237078 0.519523294775533
14.0914096028048 0.512844126994154
14.1582761910142 0.508421605206292
14.2247024576269 0.506215070350762
14.2908223539879 0.506192895553188
14.3567612748655 0.508331153097936
14.4226390650688 0.512612655322262
14.4885727411638 0.519026330982844
14.554679028001 0.527566892517773
14.6210768462125 0.538234766599555
14.6878899009655 0.551036282734077
14.7552495410089 0.565984139310513
14.8232980934092 0.583098195541594
14.8921929447795 0.602406676039302
14.9621117513511 0.623947930556718
15.0332593483375 0.647772978875473
15.1058772511002 0.67394921599684
15.1802572098088 0.70256590655918
15.2544534414568 0.732777855093029
15.3274736338013 0.763976218312089
15.3991317199764 0.795846737424123
15.469526440363 0.828208208268567
15.5388375717282 0.860936886123717
15.6072538087053 0.893933433245719
15.6749509371476 0.927108928840761
15.742087925884 0.960378968898534
15.8088087659817 0.993661077703746
15.8752457381838 1.02687343323925
15.9419635731703 1.06015344239513
16.0093407154124 1.09354090862335
16.0775863684207 1.12698064379143
16.1468517519438 1.16037517923317
16.2172733810301 1.19360393326743
16.2889914966904 1.22652956432428
16.3621597931731 1.2589992529413
16.4369527612492 1.29084376162547
16.5135734415753 1.3218752187182
16.5922633053719 1.35188377530859
16.6723792664811 1.38031383697841
16.7512421912035 1.4060365508013
16.8281237349892 1.428802743775
16.9030369565859 1.44866618202092
16.9762216908834 1.46575537553401
17.0479558710375 1.48019811695379
17.1184966739967 1.49210214709341
17.1880682338159 1.50155379678194
17.2568641025657 1.50862122603892
17.3250532285522 1.51335807144168
17.3927858981515 1.51580643469397
17.4601987730102 1.51599910143192
17.5274190098485 1.5139611154981
17.5945676721473 1.50971085331734
17.6617626662311 1.50326070937238
17.7291214091262 1.49461746491528
17.7967634107301 1.48378237845048
17.8648129427249 1.47075100766258
17.933401976204 1.45551274487121
18.0026736036797 1.43805001725653
18.072786227494 1.4183370630947
18.143918912255 1.39633813719493
18.2162784953387 1.37200490763832
18.290109387343 1.34527265425363
18.3657075940087 1.31605461312342
18.4434416038954 1.28423331848613
18.5231040755657 1.24994660677533
18.6018890336788 1.21457511143676
18.6788821492344 1.17880889291774
18.7539228552213 1.14300777837833
18.827113538356 1.10738325241391
18.8986301518889 1.07208027916231
18.9686555876207 1.03721215915586
19.0373595792427 1.00287506178824
19.1048951388163 0.969154148648615
19.1719232756986 0.935867684767733
19.2388118129315 0.902976846887271
19.3057720076945 0.870522038763881
19.3729586461667 0.838575105550644
19.4405090354855 0.807221852404372
19.5085594820956 0.776556077564024
19.5772536999128 0.746678083082754
19.6467487399807 0.717695054668946
19.7172208087324 0.689722403575998
19.7888722720472 0.66288584598085
19.8619409800714 0.637324316766284
19.936713411568 0.613194046699113
20.01194696915 0.591118148966757
20.0861713833894 0.571624174900454
20.1590210675455 0.554802026407538
20.2305390747527 0.540600117160156
20.300895763927 0.528934936636201
20.3702858845701 0.519726399396508
20.4388953874921 0.512906843289991
20.5068936789426 0.508421635254828
20.5744343881433 0.506227603499239
20.6416585167735 0.506291266314801
20.7086979201247 0.508587385635207
20.7756785509535 0.513097924474997
20.8427234065851 0.519811371868069
20.9099552813467 0.528722387726243
20.9774994734976 0.539831737960514
21.0454866146601 0.553146515265229
21.1140558132119 0.568680669132416
21.1833583471091 0.586455902338489
21.2535622204354 0.60650303623511
21.3248580330196 0.628864013819002
21.3974668423579 0.653594815598589
21.4716510957258 0.680769742130249
21.547531627094 0.710407880317914
21.6227811011754 0.741474527425166
21.6966965249674 0.773446190066952
21.769209057068 0.806046013128977
21.8404627374803 0.839107044388391
21.9106546214678 0.872509469344738
21.9799803818555 0.906153439753788
22.0486193450165 0.939947613617923
22.1167331724372 0.973804294592568
22.1844686654062 1.0076372469603
22.2520899025856 1.04142467792213
22.3202034956385 1.07531639436559
22.3891043846709 1.10929838393724
22.4589763314466 1.14328843811087
22.529967882369 1.17717136405069
22.6022229171331 1.21081143251762
22.6758947857696 1.2440560040364
22.7511550889635 1.27673553045998
22.8282016272515 1.30866178338347
22.9072678125829 1.33962482251684
22.9886353714295 1.36938859717808
23.0695278417532 1.3966789272089
23.1485542750446 1.42095883087301
23.2255048118497 1.44219817177125
23.3005690050181 1.46051461263418
23.374032377727 1.47604610069883
23.4461745636715 1.48891388248406
23.5172427331465 1.49921616465667
23.5874502225759 1.507030509317
23.6569821343517 1.51241777961175
23.7260018511191 1.51542561743995
23.7946567758926 1.51609108576592
23.8630830585352 1.51444255965341
23.9314094850162 1.51050102575726
23.9997607832817 1.50428092427847
24.068260583572 1.49579062419183
24.1370342431328 1.48503258302433
24.2062117306589 1.47200320856049
24.2759307725765 1.45669240821168
24.3463404969024 1.43908277736434
24.417605880137 1.41914833418051
24.4899134264708 1.39685264521147
24.5634787211261 1.37214608723206
24.6385568679678 1.34496182543394
24.7154574798291 1.31520979651794
24.7945671210959 1.28276744124048
24.8755833664143 1.24781846202318
24.9556632435985 1.2117754180012
25.03388784081 1.17534615044617
25.1101031628539 1.13890071233958
25.1844206558406 1.1026571683119
25.2570249405739 1.06676530214399
25.3281065194724 1.03134229810651
25.3978417428364 0.996487622537204
25.4664498176173 0.962259280944117
25.5346278409268 0.928464306345134
25.6027126958181 0.895087192225662
25.6709084417788 0.862180412876612
25.739372002504 0.829823915237486
25.8082470226782 0.798110434474614
25.8776786783822 0.767140670796237
25.947821796348 0.737022348450229
26.0188471407164 0.707870960635279
26.0909480304671 0.679811469860299
26.1643486257848 0.652980839371042
26.2393152377859 0.627531587050499
26.3161726140233 0.6036368270469
26.3925376904488 0.582233983696609
26.4675657691567 0.563596004651303
26.5411429117147 0.547719951751157
26.6134055007248 0.534525094407357
26.6845557586028 0.523921426940955
26.754798089823 0.515829675043737
26.8243209661483 0.510184979561467
26.8932947309314 0.506935827190651
26.961874317774 0.506042057445916
27.0302030534168 0.507473068724328
27.0984163658978 0.511206466982596
27.1666451531551 0.517227149395691
27.2350188742691 0.525526767184557
27.3036685172258 0.536103523316794
27.3727296258768 0.548962287527313
27.4423455913182 0.564115042159945
27.5126714531859 0.581581708251637
27.5838785308818 0.601391447592004
27.6561603350805 0.623584603208956
27.7297404336444 0.648215545379296
27.8048833350733 0.675356865358502
27.8819101505153 0.70510566889715
27.9586904350036 0.736529123155081
28.0342061458662 0.76898145417818
28.1082801689529 0.802127375718884
28.1810296722163 0.835772241631132
28.2526533597159 0.869782106122448
28.3233569220704 0.904048690337534
28.3933310404433 0.938474543462931
28.4627479492373 0.97296677779742
28.531763845229 1.00743430495678
28.6006501164093 1.04185003349998
28.6700426430109 1.07636958832653
28.7402511256145 1.11097698692112
28.8114690731628 1.14558457548325
28.8838534306962 1.18006980085978
28.9575567162731 1.21428816238368
29.0327420434819 1.24807691002915
29.1095926343919 1.28125491196034
29.1883206187496 1.31362060862412
29.2691776219001 1.34494855658948
29.3524692389009 1.37498439108144
29.4347072622341 1.40221874040447
29.5148542099037 1.42627385953452
29.5928500635321 1.44718234537767
29.6689442662638 1.46508424552376
29.7434460469589 1.48012464510965
29.8166450149899 1.4924265244096
29.8887934434393 1.50208801495397
29.9601082852874 1.50918603023692
30.0307780496366 1.51378059710194
30.1009698082729 1.51591842483201
30.1708351545822 1.51563553983131
30.2405150698351 1.51295913466013
30.3101439488373 1.50790880950573
30.3798530720843 1.50049734208381
30.4497737832238 1.49073107237254
30.5200406029804 1.4786099453079
30.5907945032811 1.46412721667691
30.6621865856677 1.44726878993326
30.734382464235 1.42801210775045
30.8075677604752 1.40632446240352
30.8819553052337 1.38216049852693
30.9577949693225 1.3554585336943
31.0353876242597 1.32613506500213
31.11510580771 1.29407635683818
31.1974257650225 1.25912508025221
31.2795061419582 1.22263498382421
31.3598729977647 1.18555018810926
31.4381727635624 1.14835269033798
31.514460232964 1.11131282194032
31.5889148395706 1.07460624705142
31.6617379375776 1.03836469703435
31.7331200866171 1.0026972385318
31.8032336777292 0.967699172088601
31.8728026829332 0.9331749496877
31.9422257333865 0.89908739427692
32.0117343519282 0.865484040883645
32.081500077939 0.832446296161104
32.1516764374257 0.800070904060328
32.2224169586118 0.768463723243195
32.2938846915495 0.737738329411184
32.366259272209 0.708016681100695
32.4397441731996 0.679430915190034
32.5145757172062 0.652126088927034
32.5910353970633 0.626264068105373
32.6694677094733 0.60202908358264
32.7472991972521 0.580420386494994
32.8237206941209 0.561694160288432
32.898642835168 0.545836394235235
32.9722193483564 0.532759220596354
33.044665328128 0.522368005053574
33.1161953205285 0.514580446588016
33.1870062904821 0.509329724706499
33.2572761181035 0.50656311999372
33.3271667873869 0.506239844950522
33.3968285371144 0.508329155179772
33.466403855839 0.512808956166004
33.5360311160903 0.519664884091091
33.6058479402486 0.528889799660865
33.6759944797311 0.540483651513994
33.7466168211636 0.554453697930767
33.8178707649918 0.570815112872441
33.8899262796209 0.58959204709863
33.9629730390242 0.610819275255124
34.0372276350015 0.634544649834447
34.1129433738169 0.660832728866014
34.1904241325526 0.689770196276228
34.2690461023754 0.721064910304257
34.3467841574211 0.753734392874434
34.4230799465969 0.787278591988261
34.4979320441927 0.821426982928243
34.5715181409922 0.856010444805363
34.6440547518425 0.890903040300492
34.7157511539277 0.925996953347195
34.7867979748649 0.96119193020421
34.8573674669484 0.996390762592962
34.9276171194529 1.03149719452956
34.998239210016 1.06668567796834
35.0696299742692 1.10197622116115
35.1420182976253 1.13729169846492
35.2155773684996 1.17251002793706
35.2904688070762 1.20748290154646
35.3668622885959 1.24204162057914
35.4449469108664 1.27599770237486
35.5249408526202 1.30914102334166
35.607102507346 1.34123631406609
35.6917454877203 1.3720179365577
35.7757800854531 1.4000769267663
35.8577888041737 1.42487183733674
35.9375858059682 1.44638890800727
36.0153946659973 1.46476338687184
36.0915319511757 1.48014703857223
36.1663029205391 1.49267098668655
36.2399756686391 1.50244026244055
36.3127810622991 1.50953705505327
36.3849195139239 1.51402526969691
36.4565684173144 1.51595439906718
36.5278886043579 1.5153624011684
36.599029657256 1.51227771497772
36.6701343191315 1.50672060304001
36.7413423126001 1.49870396954279
36.8127938547711 1.4882337479482
36.8846331318003 1.4753089030508
36.9570119930736 1.45992104818172
37.0300941554019 1.44205363335308
37.1040602829126 1.42168060592519
37.1791144500705 1.39876436948144
37.2554927453457 1.37325274848004
37.3334752142364 1.34507446815253
37.4134031413214 1.31413230586317
37.4957051939091 1.28029240119884
37.5799543280768 1.24380343716267
37.6631563914901 1.206177396991
37.7443563785455 1.16817655621358
37.8234077720817 1.13020100596978
37.9004418926335 1.09248713998998
37.9756644584539 1.05519755124837
38.0492851293259 1.0184594310863
38.1214971103432 0.982380598000976
38.1927904349923 0.946899509733356
38.2637653044986 0.911889960069764
38.3347331424072 0.877369419351411
38.4058997257911 0.843411322111986
38.4774352772692 0.810112750906383
38.5495030904578 0.77758304009652
38.6222731189498 0.745940460417402
38.6959306464451 0.71531220153153
38.7706842110519 0.68583595445792
38.8467749367638 0.657662624871742
38.9244890328969 0.630960273719971
39.0041757461266 0.605919774828503
39.0837881804155 0.583423523931227
39.1621040802268 0.563888868547835
39.2388887754973 0.547350013529773
39.3142576788093 0.533726942648334
39.3884256467021 0.522920873768936
39.46161855501 0.514843073900545
39.5340469210897 0.509420886985169
39.6059015262892 0.506596967136167
39.6773560210553 0.506327063924133
39.7485712320405 0.508577953774119
39.8196995116069 0.513325884724859
39.8908887564093 0.520555547045574
39.9622861521484 0.530259510532512
40.0340418373393 0.542438082051958
40.1063127291525 0.557099572553166
40.1792667984401 0.574261006686931
40.253088155175 0.593949362206502
40.327983438699 0.616203500517756
40.4041902413415 0.641077062966074
40.4819887065439 0.668642794754486
40.561718188652 0.698999088988838
40.6419134249874 0.731492750385894
40.7209704533716 0.765249138108058
40.7985109556094 0.799819263437113
40.8746052439942 0.834952714318431
40.9494591490632 0.87048582461282
41.0233009727798 0.906291581084617
41.0963461948915 0.942258214322474
41.1687901802481 0.978280177964602
41.2408100144603 1.01425423468583
41.3128230999713 1.05020429472038
41.385453338065 1.08625616396951
41.459017072964 1.12237031620975
41.5337226109593 1.15843624105539
41.6097466925793 1.19430696708848
41.6872662098182 1.22981086231468
41.7664740899903 1.26475448108398
41.8475905815421 1.29892153751516
41.9308748598041 1.33206970790616
42.0166399516507 1.36392553783866
42.1028981704445 1.3934034805197
42.1873748010518 1.4195784299633
42.2695757632834 1.44231497029677
42.3496446437598 1.46172608194982
42.4278979159376 1.47797136715228
42.5046631414241 1.49119562475601
42.5802334831956 1.50151630453209
42.6548620789242 1.50902536712461
42.7287679896753 1.51379406259228
42.8021441790687 1.51587732245322
42.8751647623625 1.51531709788644
42.9479910422024 1.51214471116286
43.0207765210982 1.50638242227636
43.0936712250832 1.49804438356589
43.1668256692818 1.48713709481422
43.240394772623 1.47365941331178
43.31454202767 1.45760212045866
43.389444269567 1.43894699225722
43.4652974815802 1.41766525503806
43.5423242519592 1.39371521412028
43.6207838134157 1.36703869498696
43.7009861638822 1.33755568345893
43.7833128175857 1.30515609027681
43.8682487810747 1.26968667017304
43.9542461563381 1.23191265122134
44.0388227597385 1.19319894533524
44.1212504220914 1.15423576516047
44.2014750771214 1.11539299520067
44.2796649191532 1.07689629863028
44.3560410613458 1.03890573216326
44.4308207746751 1.00154908973742
44.5042024107312 0.964935816193116
44.5770114159297 0.928843913606865
44.6496773563033 0.893244416090037
44.7224555692465 0.858197080699864
44.7955394474008 0.823797626597959
44.8691048991155 0.790158630072792
44.9433299667486 0.757403314539531
45.0184058154045 0.72566446571944
45.0945455410752 0.695085636440443
45.1719937940256 0.66582373865823
45.2510392677921 0.638052952243055
45.3320323906649 0.611970369999484
45.4137478443639 0.588258839010864
45.4943532190631 0.567583592133138
45.5733922436915 0.550056395175353
45.6509189972295 0.535611642191492
45.7271449079588 0.524145628669774
45.8023102282623 0.51556070095819
45.8766433917058 0.509775909655033
45.9503522013621 0.506727266919401
46.0236254891601 0.506365495618524
46.0966376016631 0.508653697880004
46.1695532251549 0.513565553512866
46.2425319175314 0.521084115612964
46.3157323467512 0.531201146793617
46.3893164406017 0.543916943417437
46.4634537281075 0.559240635062856
46.5383262122643 0.577190998937903
46.6141342078707 0.597797894949659
46.6911037464807 0.621104519172251
46.7694964493 0.647170816299449
46.8496233034682 0.676078632533671
46.9318647630013 0.707939624864329
47.0139255466722 0.741732242612213
47.0945976215092 0.776684566655604
47.1736723433328 0.812393950994452
47.2512899925622 0.848626939012039
47.327686092292 0.885223150476347
47.403103231177 0.922052791477403
47.4777656974706 0.95899860822677
47.5518760926621 0.99594826180071
47.6256187405878 1.03279094485936
47.6997602651635 1.06971124377127
47.7747473925146 1.1067261304532
47.850840623464 1.14374308994799
47.9282393188714 1.18061804015663
48.0071315492529 1.21717595501133
48.0877168179707 1.25321702088548
48.1702199283417 1.28851681663797
48.2549035320622 1.32282352146993
48.3420833191241 1.35585292417433
48.430916777165 1.38687046997514
48.5182147019579 1.41452844595645
48.6031499848019 1.43855559955136
48.6857837814647 1.45904164477672
48.766437570916 1.47615677368332
48.8454673297625 1.4900623907672
48.923196508638 1.50089060344434
48.9999046243662 1.50874468069336
49.0758326217655 1.51370422139473
49.1511916837701 1.51583022330893
49.226171510203 1.51516899033952
49.3009472584668 1.51175488629953
49.3756853005763 1.50561216133052
49.4505481748737 1.49675605628826
49.5256991223409 1.48519332027334
49.6013065748787 1.47092220612485
49.677548965292 1.45393194359163
49.7546202803506 1.43420162229515
49.8327369019972 1.41169833276447
49.9121465174555 1.38637429222773
49.9931403059128 1.35816248486675
50.0760703901834 1.32697000091785
50.161376024984 1.29266761153703
50.2496249768135 1.25507281575075
50.3376308780422 1.21572655715614
50.4236955771138 1.17574195870017
50.507423625712 1.13569032758509
50.5888919527844 1.09589160519831
50.6683186193714 1.05655264337643
50.7459440094009 1.0178276504495
50.8219939726943 0.979843595969044
50.8970534624041 0.942522119963392
50.9717785193804 0.905737945407726
51.0465161035753 0.869519754043138
51.1215006125665 0.833956750961012
51.1969296242947 0.799164351391544
51.2729954273998 0.765272291579277
51.3499007078685 0.732421486942599
51.4278693799067 0.700764571844248
51.5071572909421 0.670468383812684
51.5880655541246 0.641718025856913
51.670959198695 0.614722848800065
51.7550388822131 0.59007184930729
51.8380828138514 0.568591069351392
51.9195009156129 0.550438363049943
51.9993187064652 0.535552536222076
52.0777556049807 0.523822680614093
52.1550698447035 0.515142519865115
52.2315088177835 0.509423871274871
52.307297812259 0.506597330932257
52.382641459318 0.506609823790715
52.457728673816 0.509421994966638
52.532738080224 0.515006197453387
52.6078431522368 0.523345167552502
52.6832170593106 0.534431327844304
52.7590374655417 0.548266662448473
52.8354916253705 0.564863159055099
52.9127822050738 0.584243879331659
52.9911343946504 0.606444806762108
53.0708051179688 0.631517747674485
53.1520955869825 0.659534765166139
53.2353692478618 0.690594982039695
53.3201698735462 0.724460918056554
53.4040267609351 0.759935165463391
53.4862577366203 0.796400866131781
53.566862756785 0.833524010608407
53.6460592834761 0.871096535421098
53.724110282243 0.908963770869299
53.801268687071 0.946993001218074
53.8777644153146 0.985060200737617
53.9538055108449 1.0230443488228
54.0300160336968 1.06103994258462
54.1070041539208 1.09912894584359
54.1850970562133 1.13723650598094
54.264525933034 1.17521732902855
54.345498228745 1.21288688491222
54.4282291176548 1.25003140483053
54.512959165933 1.28640927989838
54.5999690297853 1.32174840063604
54.6895965451628 1.35574074208342
54.7811163609013 1.38765406720087
54.8710601158546 1.41601468263741
54.958524193969 1.4405251309061
55.0435724080771 1.46128246789763
55.1265510533333 1.47847059575727
55.2078429797822 1.49226290829696
55.2877952262488 1.50280038530223
55.3667071753579 1.51019245795195
55.4448367737355 1.51452283525944
55.5224103542717 1.51585509528191
55.5996317998508 1.51423693442663
55.6766902287472 1.50970311539264
55.7537664126003 1.50227737426832
55.8310383739873 1.49197351246682
55.9086866246082 1.47879581377523
55.9868994913183 1.4627388414342
56.0658790024611 1.44378658786853
56.1458479041482 1.42191085816324
56.2270585839779 1.3970686461988
56.3098050702955 1.36919807355107
56.39443999595 1.33821213844526
56.4813997816317 1.30398892611083
56.5712440192085 1.26635575014779
56.662214700361 1.22619485738695
56.7515883087671 1.18503678735467
56.838582218759 1.14366114032379
56.923156977868 1.10248672404658
57.0055143840998 1.06176896579604
57.085910652374 1.02168870654903
57.1645949434915 0.982389952517512
57.2421376150327 0.943825424423631
57.3192858629502 0.905844962043634
57.3964306511438 0.868475219634995
57.4738331244588 0.831812395473882
57.551711816411 0.795982838141631
57.6302790052403 0.76112941250519
57.709758898119 0.72740794546331
57.7904003366673 0.694987952990419
57.8724895635684 0.664055684313922
57.9563664054339 0.634819122256644
58.0424473415385 0.607515450093919
58.1290565807588 0.58300564313756
58.2143549032199 0.561946383200553
58.2979273041515 0.544423924530981
58.3798769358888 0.530349210287758
58.4604598287949 0.519601117490683
58.5399545016948 0.512070085502978
58.6186225481456 0.507667477115338
58.6967016166409 0.506324770621089
58.7744087243043 0.507990613044816
58.8519461704669 0.512628101182531
58.9295076489356 0.520212826832281
59.0072840520488 0.530731708475285
59.0854691030099 0.544182540479352
59.1642651781098 0.560574226250908
59.2438898026362 0.579927736674297
59.3245834547189 0.602277935662024
59.4066195727319 0.627676557058738
59.4903181373367 0.656196842764109
59.5760650800689 0.68794074454037
59.6638185968165 0.722835615882987
59.7506872014579 0.75951980960294
59.8358476360731 0.797286939432142
59.919275212829 0.835756638165442
60.0012021712348 0.874694958778001
60.0819160409432 0.913930053102237
60.1616944023023 0.95331540263077
60.2407895548933 0.992714289464915
60.3194297395246 1.03199315541849
60.3984445789599 1.07132579838125
60.4783898755177 1.1107404601378
60.5595862772701 1.15012709640443
60.6422775617867 1.18931002175607
60.7266940176355 1.22807361317968
60.8130818793689 1.26616969606267
60.9017220640251 1.30331720421112
60.9929480773074 1.33919776300007
61.0871687719638 1.3734479285734
61.1812224893622 1.40450014815521
61.2729833339294 1.43151925024709
61.3621148604201 1.45445465222776
61.4488855547676 1.47347923149478
61.5337046106379 1.488791238677
61.616969240018 1.50055973581193
61.6990274536462 1.50891723726107
61.7801783631244 1.51396480327033
61.8606821727596 1.5157786855362
61.9407709937328 1.5144157395275
62.0206582494377 1.50991726238536
62.100546558167 1.50231150032321
62.1806345512886 1.49161510855021
62.2611231867487 1.47783375510038
62.3422221222017 1.46096195118913
62.4241567486736 1.44098208259576
62.5071766127932 1.41786249601864
62.5915662317253 1.39155433251756
62.6776598347579 1.36198654616605
62.7658625664651 1.32905810163029
62.8566826370191 1.29262549986641
62.950782932229 1.25248204611558
63.0448018709268 1.2102809034085
63.1366934171758 1.16736237891904
63.2259770749284 1.12441634186173
63.3127414011924 1.08182621330958
63.3972438070079 1.03983685648376
63.4797676222816 0.998628718420472
63.5606062268869 0.958335301476094
63.6408025567752 0.918689666891138
63.7208702931935 0.879683152711453
63.8011286878616 0.841407540453218
63.8818298226049 0.803996814590317
63.9632104289213 0.767606513961205
64.0455164591527 0.732407714180544
64.1290189034701 0.698587095809836
64.2140286838148 0.666350120628038
64.3009150404257 0.63592663541966
64.390131645253 0.607579414441954
64.4801118671627 0.582181743462738
64.5687538676026 0.560493363841364
64.6555717588623 0.542619618710259
64.7406708902412 0.528464203510908
64.8243315757003 0.517894037981628
64.9068604546257 0.510789255135902
64.9885457941916 0.50705374624965
65.0696497337442 0.506614124057649
65.1504122620345 0.509416336028975
65.2310581392597 0.515422614787818
65.3118040781468 0.524609358987926
65.3928656631122 0.536965964527237
65.4744642296667 0.552494537806156
65.5568342072509 0.571210480900967
65.640231617167 0.593144048499024
65.7249446811526 0.618343131261666
65.8113079679636 0.646877755766488
65.8997223863837 0.678847190519005
65.9906850341953 0.71439128897488
66.0814348272251 0.752247617671096
66.1705422427972 0.7914497777107
66.2577915319482 0.83148799173394
66.3433835340572 0.872064193848884
66.4276266742039 0.912971349273184
66.5108322095235 0.954039624085135
66.5932861819201 0.995113483897901
66.6752476021263 1.03604198275047
66.757680868032 1.07703406469368
66.8411635649479 1.11809377847696
66.926040615468 1.15908353118497
67.0125835113821 1.19979596355226
67.1010552882726 1.23997889013944
67.1917422372941 1.27934168152891
67.284975979509 1.31755350795807
67.381156494675 1.35423683397562
67.4801013684794 1.38873095369396
67.5774094553969 1.41913106046926
67.6719076969467 1.44504243613499
67.7636566891326 1.46658037528175
67.8530756627744 1.4839699764892
67.9406288430419 1.49742097176665
68.0267349649897 1.50710091690184
68.1117537981798 1.51313730622568
68.1959950883378 1.51562550079039
68.2797316430488 1.51463596639466
68.3632113808663 1.51021956920129
68.4466674975731 1.50241107578062
68.5303271687969 1.49123122487728
68.6144194956701 1.47668764993345
68.6991834442783 1.45877478585488
68.7848765854097 1.43747274245306
68.8717856163968 1.41274495827515
68.9602400364101 1.38453422072926
69.0506311147309 1.35275627392073
69.1434397873627 1.31728957873599
69.2392801396291 1.27795849369904
69.3382019912893 1.23484876257641
69.4358594816851 1.1901824217395
69.5308735509946 1.14511192495067
69.6230558789156 1.1002431086685
69.7126200040226 1.05592868978755
69.7998799795558 1.0124064427625
69.8851492759127 0.969859053512411
69.9693560047447 0.928122846685355
70.0532532788268 0.887107127756412
70.1372674884066 0.846885860690252
70.2217087012831 0.807600166187701
70.3068541393009 0.76942311483572
70.3929856630268 0.732548570067111
70.4804118221137 0.697189844144886
70.5694870580511 0.663583103135878
70.6606347202488 0.631994196690803
70.7543798524379 0.60272946382448
70.848571968017 0.576871656856487
70.9412079442747 0.555127712366362
71.0318837156335 0.537563135759135
71.1207660563043 0.524055908011201
71.208181800098 0.514457324115087
71.2944747258724 0.508638452310092
71.3799649257659 0.506498422645581
71.4649438911824 0.507962113468502
71.5496805723717 0.512976117021041
71.6344300079685 0.521505443184171
71.7194421292977 0.533531438653511
71.8049704629428 0.549050905053381
71.8912812085307 0.568076372758144
71.9786635249816 0.590637607924389
72.0674422152966 0.616784626696126
72.1579945939909 0.646592791106347
72.25077444114 0.680171071020086
72.3463481571678 0.717675514609535
72.4417106467389 0.757712331904236
72.5353010206701 0.799198578543074
72.6268993398259 0.841560080304161
72.7167421680381 0.884459885882074
72.8051808365085 0.927662647278489
72.8925671368838 0.970973871539237
72.9792239477809 1.01421405881112
73.0657493354874 1.05735924777976
73.1531290443617 1.10057856166042
73.2418753665418 1.14378097469253
73.3323385581574 1.18675803570787
73.4248284603859 1.22923514725155
73.5196684234095 1.27088746516444
73.61722715392 1.31134103181223
73.7179475450441 1.35016630687151
73.8223832931544 1.3868655785169
73.9253801149825 1.41913682283721
74.0253542202211 1.44641895675662
74.1223009350078 1.46881887491557
74.2166854826782 1.48659299048738
74.3090400824986 1.49998320452778
74.3998468398173 1.5091813710062
74.489519541877 1.51433147551527
74.5784142196873 1.51553931894693
74.6668451012302 1.51288129684558
74.7550994044557 1.5064106948313
74.8434499548557 1.49616170042133
74.9321662263161 1.48215158642976
75.0215247940445 1.46438138244534
75.11182030427 1.4428351350837
75.2033782530736 1.41747761798785
75.2965713105586 1.3882500507568
75.3918418539763 1.35506292353079
75.4897352427008 1.31778419757587
75.5909522449122 1.27621950271325
75.695662582113 1.23042571644223
75.798994270344 1.18292119573842
75.8994126825351 1.13502525429602
75.9967251800452 1.0874322852843
76.09118751784 1.04054516606716
76.1831638969299 0.994634211512729
