0 0
0.005 -0.0157073173118207
0.01 -0.0314107590781282
0.015 -0.047106450709643
0.02 -0.0627905195293136
0.025 -0.0784590957278451
0.03 -0.0941083133185144
0.035 -0.109734311091045
0.04 -0.125333233564305
0.045 -0.140901231937583
0.05 -0.156434465040231
0.055 -0.17192910027941
0.06 -0.187381314585725
0.065 -0.202787295356512
0.07 -0.218143241396543
0.075 -0.233445363855906
0.08 -0.248689887164855
0.085 -0.263873049965373
0.09 -0.27899110603923
0.095 -0.294040325232304
0.1 -0.309016994374948
0.105 -0.323917418198149
0.11 -0.338737920245292
0.115 -0.353474843779257
0.12 -0.368124552684678
0.125 -0.38268343236509
0.13 -0.397147890634781
0.135 -0.411514358605109
0.14 -0.425779291565073
0.145 -0.439939169855915
0.15 -0.453990499739547
0.155 -0.467929814260574
0.16 -0.481753674101716
0.165 -0.495458668432408
0.17 -0.509041415750371
0.175 -0.522498564715949
0.18 -0.535826794978997
0.185 -0.549022817998132
0.19 -0.562083377852131
0.195 -0.575005252043279
0.2 -0.587785252292474
0.205 -0.600420225325884
0.21 -0.612907053652977
0.215 -0.625242656335705
0.22 -0.63742398974869
0.225 -0.649448048330184
0.23 -0.661311865323652
0.235 -0.673012513509774
0.24 -0.684547105928689
0.245 -0.695912796592315
0.25 -0.707106781186548
0.255 -0.718126297763189
0.26 -0.728968627421412
0.265 -0.73963109497861
0.27 -0.75011106963046
0.275 -0.760405965600031
0.28 -0.770513242775789
0.285 -0.78043040733833
0.29 -0.790155012375691
0.295 -0.799684658487091
0.3 -0.809016994374948
0.305 -0.818149717425024
0.31 -0.827080574274562
0.315 -0.835807361368271
0.32 -0.844327925502015
0.325 -0.852640164354093
0.33 -0.860742027003944
0.335 -0.868631514438191
0.34 -0.876306680043864
0.345 -0.883765630088694
0.35 -0.891006524188368
0.355 -0.898027575760616
0.36 -0.90482705246602
0.365 -0.911403276635446
0.37 -0.917754625683981
0.375 -0.923879532511287
0.38 -0.929776485888252
0.385 -0.935444030829868
0.39 -0.940880768954226
0.395 -0.946085358827546
0.4 -0.951056516295154
0.405 -0.95579301479833
0.41 -0.960293685676943
0.415 -0.964557418457798
0.42 -0.968583161128631
0.425 -0.972369920397677
0.43 -0.975916761938748
0.435 -0.979222810621766
0.44 -0.982287250728689
0.445 -0.985109326154774
0.45 -0.987688340595138
0.455 -0.990023657716558
0.46 -0.992114701314478
0.465 -0.99396095545518
0.47 -0.99556196460308
0.475 -0.996917333733128
0.48 -0.998026728428272
0.485 -0.99888987496197
0.49 -0.999506560365732
0.495 -0.999876632481661
0.5 -1
0.505 -0.999876632481661
0.51 -0.999506560365731
0.515 -0.99888987496197
0.52 -0.998026728428271
0.525 -0.996917333733128
0.53 -0.99556196460308
0.535 -0.99396095545518
0.54 -0.992114701314478
0.545 -0.990023657716557
0.55 -0.987688340595138
0.555 -0.985109326154774
0.56 -0.982287250728688
0.565 -0.979222810621766
0.57 -0.975916761938747
0.575 -0.972369920397676
0.58 -0.968583161128631
0.585 -0.964557418457798
0.59 -0.960293685676943
0.595 -0.95579301479833
0.6 -0.951056516295153
0.605 -0.946085358827545
0.61 -0.940880768954225
0.615 -0.935444030829867
0.62 -0.929776485888251
0.625 -0.923879532511286
0.63 -0.917754625683981
0.635 -0.911403276635445
0.64 -0.904827052466019
0.645 -0.898027575760615
0.65 -0.891006524188367
0.655 -0.883765630088693
0.66 -0.876306680043863
0.665 -0.868631514438191
0.67 -0.860742027003943
0.675 -0.852640164354092
0.68 -0.844327925502014
0.685 -0.835807361368269
0.690000000000001 -0.827080574274561
0.695000000000001 -0.818149717425023
0.700000000000001 -0.809016994374946
0.705000000000001 -0.799684658487089
0.710000000000001 -0.790155012375689
0.715000000000001 -0.780430407338329
0.720000000000001 -0.770513242775788
0.725000000000001 -0.76040596560003
0.730000000000001 -0.750111069630458
0.735000000000001 -0.739631094978609
0.740000000000001 -0.72896862742141
0.745000000000001 -0.718126297763187
0.750000000000001 -0.707106781186546
0.755000000000001 -0.695912796592313
0.760000000000001 -0.684547105928688
0.765000000000001 -0.673012513509772
0.770000000000001 -0.66131186532365
0.775000000000001 -0.649448048330182
0.780000000000001 -0.637423989748688
0.785000000000001 -0.625242656335704
0.790000000000001 -0.612907053652975
0.795000000000001 -0.600420225325883
0.800000000000001 -0.587785252292472
0.805000000000001 -0.575005252043277
0.810000000000001 -0.562083377852129
0.815000000000001 -0.54902281799813
0.820000000000001 -0.535826794978995
0.825000000000001 -0.522498564715947
0.830000000000001 -0.509041415750369
0.835000000000001 -0.495458668432406
0.840000000000001 -0.481753674101713
0.845000000000001 -0.467929814260572
0.850000000000001 -0.453990499739545
0.855000000000001 -0.439939169855913
0.860000000000001 -0.425779291565071
0.865000000000001 -0.411514358605107
0.870000000000001 -0.397147890634779
0.875000000000001 -0.382683432365088
0.880000000000001 -0.368124552684676
0.885000000000001 -0.353474843779255
0.890000000000001 -0.33873792024529
0.895000000000001 -0.323917418198147
0.900000000000001 -0.309016994374945
0.905000000000001 -0.294040325232302
0.910000000000001 -0.278991106039227
0.915000000000001 -0.263873049965371
0.920000000000001 -0.248689887164853
0.925000000000001 -0.233445363855903
0.930000000000001 -0.21814324139654
0.935000000000001 -0.20278729535651
0.940000000000001 -0.187381314585722
0.945000000000001 -0.171929100279407
0.950000000000001 -0.156434465040229
0.955000000000001 -0.140901231937581
0.960000000000001 -0.125333233564302
0.965000000000001 -0.109734311091043
0.970000000000001 -0.094108313318512
0.975000000000001 -0.0784590957278427
0.980000000000001 -0.0627905195293108
0.985000000000001 -0.0471064507096402
0.990000000000001 -0.0314107590781259
0.995000000000001 -0.0157073173118184
1 0


0 0
0.005 -0.0314107590781282
0.01 -0.0627905195293136
0.015 -0.0941083133185144
0.02 -0.125333233564305
0.025 -0.156434465040231
0.03 -0.187381314585725
0.035 -0.218143241396543
0.04 -0.248689887164855
0.045 -0.27899110603923
0.05 -0.309016994374948
0.055 -0.338737920245291
0.06 -0.368124552684678
0.065 -0.397147890634781
0.07 -0.425779291565073
0.075 -0.453990499739547
0.08 -0.481753674101715
0.085 -0.509041415750371
0.09 -0.535826794978997
0.095 -0.562083377852131
0.1 -0.587785252292473
0.105 -0.612907053652977
0.11 -0.63742398974869
0.115 -0.661311865323652
0.12 -0.684547105928689
0.125 -0.707106781186548
0.13 -0.728968627421412
0.135 -0.75011106963046
0.14 -0.770513242775789
0.145 -0.790155012375691
0.15 -0.809016994374948
0.155 -0.827080574274562
0.16 -0.844327925502015
0.165 -0.860742027003944
0.17 -0.876306680043864
0.175 -0.891006524188368
0.18 -0.90482705246602
0.185 -0.917754625683981
0.19 -0.929776485888252
0.195 -0.940880768954226
0.2 -0.951056516295154
0.205 -0.960293685676943
0.21 -0.968583161128631
0.215 -0.975916761938748
0.22 -0.982287250728689
0.225 -0.987688340595138
0.23 -0.992114701314478
0.235 -0.99556196460308
0.24 -0.998026728428272
0.245 -0.999506560365732
0.25 -1
0.255 -0.999506560365731
0.26 -0.998026728428271
0.265 -0.99556196460308
0.27 -0.992114701314478
0.275 -0.987688340595138
0.28 -0.982287250728688
0.285 -0.975916761938747
0.29 -0.968583161128631
0.295 -0.960293685676943
0.3 -0.951056516295153
0.305 -0.940880768954225
0.31 -0.929776485888251
0.315 -0.917754625683981
0.32 -0.904827052466019
0.325 -0.891006524188367
0.33 -0.876306680043863
0.335 -0.860742027003943
0.34 -0.844327925502014
0.345 -0.827080574274561
0.35 -0.809016994374947
0.355 -0.79015501237569
0.36 -0.770513242775788
0.365 -0.750111069630459
0.37 -0.72896862742141
0.375 -0.707106781186547
0.38 -0.684547105928688
0.385 -0.661311865323651
0.39 -0.637423989748688
0.395 -0.612907053652975
0.4 -0.587785252292472
0.405 -0.562083377852129
0.41 -0.535826794978995
0.415 -0.50904141575037
0.42 -0.481753674101714
0.425 -0.453990499739545
0.43 -0.425779291565071
0.435 -0.397147890634779
0.44 -0.368124552684676
0.445 -0.33873792024529
0.45 -0.309016994374946
0.455 -0.278991106039227
0.46 -0.248689887164853
0.465 -0.218143241396541
0.47 -0.187381314585723
0.475 -0.156434465040229
0.48 -0.125333233564302
0.485 -0.0941083133185125
0.49 -0.0627905195293113
0.495 -0.0314107590781263
0.5 2.22044604925031E-15
0.505 0.0314107590781303
0.51 0.0627905195293157
0.515 0.0941083133185164
0.52 0.125333233564307
0.525 0.156434465040233
0.53 0.187381314585727
0.535 0.218143241396545
0.54 0.248689887164857
0.545 0.278991106039232
0.55 0.30901699437495
0.555 0.338737920245294
0.56 0.36812455268468
0.565 0.397147890634783
0.57 0.425779291565075
0.575 0.453990499739549
0.58 0.481753674101717
0.585 0.509041415750374
0.59 0.535826794978999
0.595 0.562083377852133
0.6 0.587785252292475
0.605 0.612907053652978
0.61 0.637423989748692
0.615 0.661311865323654
0.62 0.684547105928691
0.625 0.707106781186549
0.63 0.728968627421414
0.635 0.750111069630461
0.64 0.770513242775791
0.645 0.790155012375692
0.65 0.809016994374949
0.655 0.827080574274564
0.66 0.844327925502017
0.665 0.860742027003945
0.67 0.876306680043865
0.675 0.891006524188369
0.68 0.904827052466021
0.685 0.917754625683982
0.690000000000001 0.929776485888253
0.695000000000001 0.940880768954226
0.700000000000001 0.951056516295155
0.705000000000001 0.960293685676944
0.710000000000001 0.968583161128632
0.715000000000001 0.975916761938748
0.720000000000001 0.982287250728689
0.725000000000001 0.987688340595138
0.730000000000001 0.992114701314478
0.735000000000001 0.99556196460308
0.740000000000001 0.998026728428272
0.745000000000001 0.999506560365732
0.750000000000001 1
0.755000000000001 0.999506560365731
0.760000000000001 0.998026728428271
0.765000000000001 0.99556196460308
0.770000000000001 0.992114701314477
0.775000000000001 0.987688340595137
0.780000000000001 0.982287250728688
0.785000000000001 0.975916761938747
0.790000000000001 0.96858316112863
0.795000000000001 0.960293685676942
0.800000000000001 0.951056516295153
0.805000000000001 0.940880768954224
0.810000000000001 0.92977648588825
0.815000000000001 0.91775462568398
0.820000000000001 0.904827052466018
0.825000000000001 0.891006524188366
0.830000000000001 0.876306680043862
0.835000000000001 0.860742027003942
0.840000000000001 0.844327925502013
0.845000000000001 0.82708057427456
0.850000000000001 0.809016994374945
0.855000000000001 0.790155012375688
0.860000000000001 0.770513242775787
0.865000000000001 0.750111069630457
0.870000000000001 0.728968627421409
0.875000000000001 0.707106781186544
0.880000000000001 0.684547105928686
0.885000000000001 0.661311865323649
0.890000000000001 0.637423989748687
0.895000000000001 0.612907053652973
0.900000000000001 0.58778525229247
0.905000000000001 0.562083377852127
0.910000000000001 0.535826794978993
0.915000000000001 0.509041415750367
0.920000000000001 0.481753674101711
0.925000000000001 0.453990499739543
0.930000000000001 0.425779291565069
0.935000000000001 0.397147890634777
0.940000000000001 0.368124552684674
0.945000000000001 0.338737920245287
0.950000000000001 0.309016994374943
0.955000000000001 0.278991106039225
0.960000000000001 0.24868988716485
0.965000000000001 0.218143241396538
0.970000000000001 0.18738131458572
0.975000000000001 0.156434465040227
0.980000000000001 0.125333233564299
0.985000000000001 0.0941083133185095
0.990000000000001 0.0627905195293087
0.995000000000001 0.0314107590781238
1 0


0 0
0.005 0.0471064507096427
0.01 0.0941083133185143
0.015 0.140901231937583
0.02 0.187381314585725
0.025 0.233445363855905
0.03 0.278991106039229
0.035 0.323917418198149
0.04 0.368124552684678
0.045 0.411514358605109
0.05 0.453990499739547
0.055 0.495458668432407
0.06 0.535826794978997
0.065 0.575005252043278
0.07 0.612907053652976
0.075 0.649448048330184
0.08 0.684547105928689
0.085 0.718126297763189
0.09 0.75011106963046
0.095 0.78043040733833
0.1 0.809016994374947
0.105 0.83580736136827
0.11 0.860742027003944
0.115 0.883765630088694
0.12 0.90482705246602
0.125 0.923879532511287
0.13 0.940880768954226
0.135 0.95579301479833
0.14 0.968583161128631
0.145 0.979222810621766
0.15 0.987688340595138
0.155 0.99396095545518
0.16 0.998026728428271
0.165 0.999876632481661
0.17 0.999506560365731
0.175 0.996917333733128
0.18 0.992114701314478
0.185 0.985109326154774
0.19 0.975916761938747
0.195 0.964557418457798
0.2 0.951056516295153
0.205 0.935444030829867
0.21 0.917754625683981
0.215 0.898027575760615
0.22 0.876306680043863
0.225 0.852640164354092
0.23 0.827080574274561
0.235 0.79968465848709
0.24 0.770513242775788
0.245 0.739631094978609
0.25 0.707106781186547
0.255 0.673012513509773
0.26 0.637423989748689
0.265 0.600420225325883
0.27 0.56208337785213
0.275 0.522498564715948
0.28 0.481753674101714
0.285 0.439939169855914
0.29 0.397147890634779
0.295 0.353474843779256
0.3 0.309016994374946
0.305 0.263873049965372
0.31 0.218143241396541
0.315 0.171929100279408
0.32 0.125333233564303
0.325 0.0784590957278433
0.33 0.0314107590781269
0.335 -0.0157073173118222
0.34 -0.0627905195293147
0.345 -0.109734311091047
0.35 -0.156434465040233
0.355 -0.202787295356514
0.36 -0.248689887164856
0.365 -0.294040325232306
0.37 -0.338737920245294
0.375 -0.382683432365092
0.38 -0.425779291565074
0.385 -0.467929814260575
0.39 -0.509041415750374
0.395 -0.549022817998133
0.4 -0.587785252292474
0.405 -0.625242656335707
0.41 -0.661311865323654
0.415 -0.695912796592316
0.42 -0.728968627421413
0.425 -0.760405965600032
0.43 -0.790155012375692
0.435 -0.818149717425025
0.44 -0.844327925502016
0.445 -0.868631514438193
0.45 -0.891006524188369
0.455 -0.911403276635446
0.46 -0.929776485888252
0.465 -0.946085358827546
0.47 -0.960293685676944
0.475 -0.972369920397677
0.48 -0.982287250728689
0.485 -0.990023657716558
0.49 -0.99556196460308
0.495 -0.99888987496197
0.5 -1
0.505 -0.99888987496197
0.51 -0.99556196460308
0.515 -0.990023657716557
0.52 -0.982287250728688
0.525 -0.972369920397676
0.53 -0.960293685676942
0.535 -0.946085358827544
0.54 -0.92977648588825
0.545 -0.911403276635444
0.55 -0.891006524188366
0.555 -0.86863151443819
0.56 -0.844327925502014
0.565 -0.818149717425021
0.57 -0.790155012375688
0.575 -0.760405965600028
0.58 -0.728968627421409
0.585 -0.695912796592312
0.59 -0.661311865323649
0.595 -0.625242656335702
0.6 -0.58778525229247
0.605 -0.549022817998128
0.61 -0.509041415750367
0.615 -0.46792981426057
0.62 -0.42577929156507
0.625 -0.382683432365086
0.63 -0.338737920245287
0.635 -0.2940403252323
0.64 -0.248689887164851
0.645 -0.202787295356508
0.65 -0.156434465040227
0.655 -0.109734311091041
0.66 -0.0627905195293097
0.665 -0.0157073173118164
0.67 0.0314107590781332
0.675 0.0784590957278487
0.68 0.125333233564309
0.685 0.171929100279414
0.690000000000001 0.218143241396547
0.695000000000001 0.263873049965378
0.700000000000001 0.309016994374951
0.705000000000001 0.353474843779262
0.710000000000001 0.397147890634786
0.715000000000001 0.439939169855919
0.720000000000001 0.481753674101719
0.725000000000001 0.522498564715953
0.730000000000001 0.562083377852135
0.735000000000001 0.600420225325889
0.740000000000001 0.637423989748693
0.745000000000001 0.673012513509777
0.750000000000001 0.707106781186551
0.755000000000001 0.739631094978612
0.760000000000001 0.770513242775792
0.765000000000001 0.799684658487094
0.770000000000001 0.827080574274565
0.775000000000001 0.852640164354095
0.780000000000001 0.876306680043866
0.785000000000001 0.898027575760618
0.790000000000001 0.917754625683983
0.795000000000001 0.935444030829869
0.800000000000001 0.951056516295155
0.805000000000001 0.9645574184578
0.810000000000001 0.975916761938749
0.815000000000001 0.985109326154775
0.820000000000001 0.992114701314478
0.825000000000001 0.996917333733128
0.830000000000001 0.999506560365732
0.835000000000001 0.99987663248166
0.840000000000001 0.998026728428271
0.845000000000001 0.993960955455179
0.850000000000001 0.987688340595137
0.855000000000001 0.979222810621764
0.860000000000001 0.96858316112863
0.865000000000001 0.955793014798328
0.870000000000001 0.940880768954223
0.875000000000001 0.923879532511285
0.880000000000001 0.904827052466017
0.885000000000001 0.88376563008869
0.890000000000001 0.86074202700394
0.895000000000001 0.835807361368267
0.900000000000001 0.809016994374944
0.905000000000001 0.780430407338326
0.910000000000001 0.750111069630455
0.915000000000001 0.718126297763185
0.920000000000001 0.684547105928685
0.925000000000001 0.649448048330179
0.930000000000001 0.612907053652971
0.935000000000001 0.575005252043272
0.940000000000001 0.535826794978991
0.945000000000001 0.495458668432401
0.950000000000001 0.45399049973954
0.955000000000001 0.411514358605103
0.960000000000001 0.368124552684671
0.965000000000001 0.323917418198144
0.970000000000001 0.278991106039223
0.975000000000001 0.233445363855898
0.980000000000001 0.187381314585719
0.985000000000001 0.140901231937576
0.990000000000001 0.0941083133185071
0.995000000000001 0.0471064507096366
1 0


0 0
0.005 0.0627905195293134
0.01 0.125333233564304
0.015 0.187381314585725
0.02 0.248689887164855
0.025 0.309016994374947
0.03 0.368124552684678
0.035 0.425779291565073
0.04 0.481753674101715
0.045 0.535826794978997
0.05 0.587785252292473
0.055 0.63742398974869
0.06 0.684547105928689
0.065 0.728968627421411
0.07 0.770513242775789
0.075 0.809016994374947
0.08 0.844327925502015
0.085 0.876306680043864
0.09 0.90482705246602
0.095 0.929776485888252
0.1 0.951056516295154
0.105 0.968583161128631
0.11 0.982287250728689
0.115 0.992114701314478
0.12 0.998026728428271
0.125 1
0.13 0.998026728428271
0.135 0.992114701314478
0.14 0.982287250728689
0.145 0.968583161128631
0.15 0.951056516295153
0.155 0.929776485888251
0.16 0.904827052466019
0.165 0.876306680043863
0.17 0.844327925502015
0.175 0.809016994374947
0.18 0.770513242775789
0.185 0.728968627421411
0.19 0.684547105928688
0.195 0.637423989748689
0.2 0.587785252292472
0.205 0.535826794978996
0.21 0.481753674101714
0.215 0.425779291565072
0.22 0.368124552684677
0.225 0.309016994374946
0.23 0.248689887164854
0.235 0.187381314585723
0.24 0.125333233564303
0.245 0.0627905195293118
0.25 -1.20980699416795E-15
0.255 -0.0627905195293147
0.26 -0.125333233564306
0.265 -0.187381314585726
0.27 -0.248689887164856
0.275 -0.309016994374949
0.28 -0.36812455268468
0.285 -0.425779291565074
0.29 -0.481753674101717
0.295 -0.535826794978998
0.3 -0.587785252292474
0.305 -0.637423989748691
0.31 -0.68454710592869
0.315 -0.728968627421413
0.32 -0.77051324277579
0.325 -0.809016994374949
0.33 -0.844327925502016
0.335 -0.876306680043864
0.34 -0.90482705246602
0.345 -0.929776485888252
0.35 -0.951056516295154
0.355 -0.968583161128632
0.36 -0.982287250728689
0.365 -0.992114701314478
0.37 -0.998026728428272
0.375 -1
0.38 -0.998026728428271
0.385 -0.992114701314477
0.39 -0.982287250728688
0.395 -0.968583161128631
0.4 -0.951056516295153
0.405 -0.92977648588825
0.41 -0.904827052466018
0.415 -0.876306680043862
0.42 -0.844327925502014
0.425 -0.809016994374945
0.43 -0.770513242775787
0.435 -0.728968627421409
0.44 -0.684547105928686
0.445 -0.637423989748687
0.45 -0.58778525229247
0.455 -0.535826794978993
0.46 -0.481753674101712
0.465 -0.42577929156507
0.47 -0.368124552684675
0.475 -0.309016994374944
0.48 -0.248689887164851
0.485 -0.187381314585721
0.49 -0.1253332335643
0.495 -0.0627905195293097
0.5 4.19597082773615E-15
0.505 0.0627905195293172
0.51 0.125333233564309
0.515 0.187381314585729
0.52 0.248689887164859
0.525 0.309016994374951
0.53 0.368124552684682
0.535 0.425779291565077
0.54 0.481753674101719
0.545 0.535826794979
0.55 0.587785252292476
0.555 0.637423989748693
0.56 0.684547105928692
0.565 0.728968627421415
0.57 0.770513242775792
0.575 0.80901699437495
0.58 0.844327925502018
0.585 0.876306680043866
0.59 0.904827052466022
0.595 0.929776485888253
0.6 0.951056516295155
0.605 0.968583161128632
0.61 0.98228725072869
0.615 0.992114701314478
0.62 0.998026728428272
0.625 1
0.63 0.998026728428271
0.635 0.992114701314477
0.64 0.982287250728688
0.645 0.96858316112863
0.65 0.951056516295152
0.655 0.929776485888249
0.66 0.904827052466017
0.665 0.876306680043861
0.67 0.844327925502012
0.675 0.809016994374944
0.68 0.770513242775785
0.685 0.728968627421407
0.690000000000001 0.684547105928685
0.695000000000001 0.637423989748686
0.700000000000001 0.587785252292468
0.705000000000001 0.535826794978991
0.710000000000001 0.48175367410171
0.715000000000001 0.425779291565067
0.720000000000001 0.368124552684671
0.725000000000001 0.309016994374941
0.730000000000001 0.248689887164849
0.735000000000001 0.187381314585719
0.740000000000001 0.125333233564299
0.745000000000001 0.0627905195293063
0.750000000000001 -6.73804545145429E-15
0.755000000000001 -0.0627905195293197
0.760000000000001 -0.12533323356431
0.765000000000001 -0.187381314585732
0.770000000000001 -0.248689887164862
0.775000000000001 -0.309016994374954
0.780000000000001 -0.368124552684684
0.785000000000001 -0.42577929156508
0.790000000000001 -0.481753674101722
0.795000000000001 -0.535826794979003
0.800000000000001 -0.587785252292479
0.805000000000001 -0.637423989748695
0.810000000000001 -0.684547105928694
0.815000000000001 -0.728968627421417
0.820000000000001 -0.770513242775794
0.825000000000001 -0.809016994374951
0.830000000000001 -0.844327925502019
0.835000000000001 -0.876306680043867
0.840000000000001 -0.904827052466023
0.845000000000001 -0.929776485888254
0.850000000000001 -0.951056516295156
0.855000000000001 -0.968583161128633
0.860000000000001 -0.98228725072869
0.865000000000001 -0.992114701314479
0.870000000000001 -0.998026728428272
0.875000000000001 -1
0.880000000000001 -0.998026728428271
0.885000000000001 -0.992114701314477
0.890000000000001 -0.982287250728687
0.895000000000001 -0.968583161128629
0.900000000000001 -0.951056516295151
0.905000000000001 -0.929776485888248
0.910000000000001 -0.904827052466016
0.915000000000001 -0.876306680043859
0.920000000000001 -0.84432792550201
0.925000000000001 -0.809016994374942
0.930000000000001 -0.770513242775784
0.935000000000001 -0.728968627421406
0.940000000000001 -0.684547105928682
0.945000000000001 -0.637423989748683
0.950000000000001 -0.587785252292466
0.955000000000001 -0.53582679497899
0.960000000000001 -0.481753674101707
0.965000000000001 -0.425779291565064
0.970000000000001 -0.36812455268467
0.975000000000001 -0.309016994374939
0.980000000000001 -0.248689887164845
0.985000000000001 -0.187381314585715
0.990000000000001 -0.125333233564295
0.995000000000001 -0.0627905195293046
1 0


0 0
0.01 -0.0314107592682114
0.02 -0.0627905191936519
0.03 -0.0941083133973292
0.04 -0.125333232863899
0.05 -0.156434465328165
0.06 -0.187381314658233
0.07 -0.2181432405842
0.08 -0.248689886998748
0.09 -0.278991106450611
0.1 -0.309016994325549
0.11 -0.338737919736445
0.12 -0.368124552932525
0.13 -0.397147891418542
0.14 -0.42577929178192
0.15 -0.45399049943292
0.16 -0.481753674604989
0.17 -0.509041416045741
0.18 -0.535826794980469
0.19 -0.562083377521349
0.2 -0.587785252527274
0.21 -0.612907053812037
0.22 -0.637423989781933
0.23 -0.661311865044373
0.24 -0.684547106132851
0.25 -0.707106780518786
0.26 -0.728968627154081
0.27 -0.750111068821151
0.28 -0.770513242635921
0.29 -0.790155011991765
0.3 -0.809016994548686
0.31 -0.827080574549148
0.32 -0.844327925820288
0.33 -0.860742027008779
0.34 -0.876306680484739
0.35 -0.891006523945902
0.36 -0.904827052539039
0.37 -0.917754625683926
0.38 -0.92977648668141
0.39 -0.940880769439908
0.4 -0.951056516539145
0.41 -0.960293686023518
0.42 -0.968583161576797
0.43 -0.975916761629065
0.44 -0.982287250104214
0.45 -0.987688340054528
0.46 -0.992114701188438
0.47 -0.995561964403152
0.48 -0.998026727747274
0.49 -0.99950656009395
0.5 -0.999999999994813
0.51 -0.999506560185327
0.52 -0.998026727965768
0.53 -0.995561964294461
0.54 -0.992114701581833
0.55 -0.987688340941223
0.56 -0.982287250410181
0.57 -0.975916762288782
0.58 -0.968583161673331
0.59 -0.960293686317745
0.6 -0.951056516357441
0.61 -0.940880769611786
0.62 -0.92977648677781
0.63 -0.917754626221729
0.64 -0.904827052035548
0.65 -0.891006524103136
0.66 -0.876306679920164
0.67 -0.860742026686463
0.68 -0.844327924580789
0.69 -0.827080574233726
0.7 -0.809016994476998
0.71 -0.79015501249162
0.72 -0.770513242019622
0.73 -0.750111069016576
0.74 -0.7289686269024
0.75 -0.707106780598215
0.76 -0.684547105398231
0.77 -0.661311865316712
0.78 -0.63742399040735
0.79 -0.61290705461903
0.8 -0.587785252838884
0.81 -0.562083378178156
0.82 -0.535826795288147
0.83 -0.509041415937852
0.84 -0.481753674315785
0.85 -0.453990499834058
0.86 -0.425779292309522
0.87 -0.39714789123193
0.88 -0.368124553038471
0.89 -0.338737919905007
0.9 -0.309016994232983
0.91 -0.278991105490936
0.92 -0.248689886682956
0.93 -0.218143240419291
0.94 -0.187381314297676
0.95 -0.15643446493762
0.96 -0.1253332331615
0.97 -0.0941083126238889
0.98 -0.0627905191354016
0.99 -0.0314107593255624
1 0 


0 0
0.01 -0.0627905201781778
0.02 -0.12533323368221
0.03 -0.187381315625037
0.04 -0.248689887391026
0.05 -0.309016996239708
0.06 -0.36812455290679
0.07 -0.425779291951531
0.08 -0.481753674461786
0.09 -0.535826797032381
0.1 -0.587785252349128
0.11 -0.63742399027456
0.12 -0.68454710654165
0.13 -0.728968629562245
0.14 -0.770513242979698
0.15 -0.809016994246519
0.16 -0.844327925323651
0.17 -0.876306680131834
0.18 -0.904827051678417
0.19 -0.929776484920795
0.2 -0.951056515784368
0.21 -0.968583160716414
0.22 -0.982287250583672
0.23 -0.992114700757098
0.24 -0.9980267286581
0.25 -0.999999998619729
0.26 -0.998026727534544
0.27 -0.99211469951693
0.28 -0.982287250243443
0.29 -0.968583159828141
0.3 -0.951056515678402
0.31 -0.929776485514543
0.32 -0.904827053330297
0.33 -0.876306680587239
0.34 -0.84432792599303
0.35 -0.809016993935597
0.36 -0.770513242831249
0.37 -0.728968627555124
0.38 -0.684547106095431
0.39 -0.637423989983546
0.4 -0.587785252677518
0.41 -0.535826796608252
0.42 -0.481753675862239
0.43 -0.425779293148054
0.44 -0.368124553416166
0.45 -0.309016995107566
0.46 -0.248689887611264
0.47 -0.187381315169507
0.48 -0.12533323328251
0.49 -0.0627905192190048
0.5 -6.69019705495913E-11
0.51 0.0627905190740338
0.52 0.125333233031624
0.53 0.187381315083307
0.54 0.248689887612629
0.55 0.309016995111302
0.56 0.368124553434275
0.57 0.425779292949676
0.58 0.481753675557821
0.59 0.535826796620031
0.6 0.587785253309231
0.61 0.63742399041535
0.62 0.684547106181076
0.63 0.728968627954013
0.64 0.770513243375744
0.65 0.809016994233204
0.66 0.844327925251695
0.67 0.876306679772079
0.68 0.904827053296324
0.69 0.929776485536962
0.7 0.951056515831343
0.71 0.968583159418085
0.72 0.982287250429766
0.73 0.992114700261204
0.74 0.998026727454011
0.75 0.99999999783635
0.76 0.998026727624285
0.77 0.992114700811483
0.78 0.98228725091644
0.79 0.96858316003156
0.8 0.951056515866727
0.81 0.929776485837011
0.82 0.904827052817054
0.83 0.876306679990959
0.84 0.844327925112433
0.85 0.809016994845863
0.86 0.770513243090683
0.87 0.728968628429295
0.88 0.684547106367075
0.89 0.637423991038728
0.9 0.587785252383872
0.91 0.535826796234011
0.92 0.481753674765742
0.93 0.425779293188618
0.94 0.36812455249688
0.95 0.309016994593842
0.96 0.248689887696303
0.97 0.187381315872864
0.98 0.125333233494477
0.99 0.0627905187031031
1 0 


0 0
0.01 0.0941083133150432
0.02 0.187381316291988
0.03 0.278991104474666
0.04 0.36812455497833
0.05 0.453990500960566
0.06 0.535826798537616
0.07 0.612907057193931
0.08 0.684547108510639
0.09 0.750111072950977
0.1 0.809016997603567
0.11 0.860742030639658
0.12 0.904827052417176
0.13 0.940880769288473
0.14 0.968583162142321
0.15 0.987688341957914
0.16 0.998026727899206
0.17 0.999506559381455
0.18 0.992114701970304
0.19 0.975916762538134
0.2 0.951056514481138
0.21 0.917754623665683
0.22 0.87630667691354
0.23 0.827080572932212
0.24 0.77051323912102
0.25 0.707106778650507
0.26 0.637423985693547
0.27 0.562083376938841
0.28 0.481753671910597
0.29 0.397147889434204
0.3 0.309016992297729
0.31 0.218143240367148
0.32 0.125333233079113
0.33 0.0314107588758605
0.34 -0.0627905194495735
0.35 -0.156434463969219
0.36 -0.248689886897055
0.37 -0.33873791819328
0.38 -0.425779288919625
0.39 -0.509041413460495
0.4 -0.587785250664892
0.41 -0.661311863868144
0.42 -0.728968624039536
0.43 -0.790155009277361
0.44 -0.844327922883445
0.45 -0.891006523314654
0.46 -0.92977648289216
0.47 -0.960293683376412
0.48 -0.982287248356248
0.49 -0.995561965067171
0.5 -1.00000000195406
0.51 -0.995561964209475
0.52 -0.982287251501415
0.53 -0.960293687348401
0.54 -0.929776488257604
0.55 -0.891006527056599
0.56 -0.84432792568508
0.57 -0.790155014494168
0.58 -0.728968630121269
0.59 -0.661311868289646
0.6 -0.587785256149415
0.61 -0.509041417568608
0.62 -0.42577929386464
0.63 -0.338737922851845
0.64 -0.248689889152679
0.65 -0.156434465903213
0.66 -0.0627905192843197
0.67 0.0314107605684469
0.68 0.125333234448764
0.69 0.218143242572188
0.7 0.309016996412842
0.71 0.397147892223636
0.72 0.481753677403029
0.73 0.56208337909989
0.74 0.637423991008581
0.75 0.707106784217982
0.76 0.770513245305727
0.77 0.82708057817907
0.78 0.876306682519791
0.79 0.91775462700844
0.8 0.951056518444474
0.81 0.975916762368568
0.82 0.992114702895143
0.83 0.99950655923575
0.84 0.998026726863129
0.85 0.987688340092052
0.86 0.968583160512081
0.87 0.940880767710127
0.88 0.90482704926206
0.89 0.860742024469048
0.9 0.809016991534182
0.91 0.750111068223071
0.92 0.684547103331745
0.93 0.612907051805359
0.94 0.535826792959656
0.95 0.453990497851477
0.96 0.368124551757695
0.97 0.278991103055864
0.98 0.187381313330071
0.99 0.0941083118769131
1 0 


0 0
0.01 0.125333235542932
0.02 0.248689878915219
0.03 0.368124556719051
0.04 0.481753667075528
0.05 0.587785248857928
0.06 0.684547101565945
0.07 0.770513234298309
0.08 0.844327923316827
0.09 0.904827047050667
0.1 0.951056509667054
0.11 0.98228724897291
0.12 0.998026723813584
0.13 0.998026728005149
0.14 0.982287248513717
0.15 0.951056512244144
0.16 0.904827055058381
0.17 0.844327923990881
0.18 0.770513243341502
0.19 0.68454710591105
0.2 0.587785253986602
0.21 0.481753680520366
0.22 0.36812455629995
0.23 0.248689892235491
0.24 0.125333239387765
0.25 6.66239593498367E-09
0.26 -0.12533322722002
0.27 -0.248689884500522
0.28 -0.368124549018832
0.29 -0.481753671961355
0.3 -0.587785249793608
0.31 -0.684547105712089
0.32 -0.770513243248166
0.33 -0.844327923798969
0.34 -0.904827052493509
0.35 -0.951056515594622
0.36 -0.982287252589878
0.37 -0.998026730130842
0.38 -0.998026730032605
0.39 -0.982287255057963
0.4 -0.951056520834391
0.41 -0.904827059195722
0.42 -0.84432793197195
0.43 -0.77051324992297
0.44 -0.68454711180909
0.45 -0.58778525651021
0.46 -0.481753677609864
0.47 -0.368124554254472
0.48 -0.248689888730882
0.49 -0.125333231416189
0.5 1.94879468946735E-09
0.51 0.125333234767288
0.52 0.248689888454601
0.53 0.368124552061059
0.54 0.481753676953135
0.55 0.587785254419337
0.56 0.684547107804671
0.57 0.77051324702116
0.58 0.844327930296441
0.59 0.904827061058811
0.6 0.951056524322185
0.61 0.982287256883686
0.62 0.998026735041396
0.63 0.99802673321701
0.64 0.982287253203144
0.65 0.951056516356806
0.66 0.904827048261635
0.67 0.844327922615494
0.68 0.770513240111871
0.69 0.684547102052675
0.7 0.587785249393857
0.71 0.481753670728979
0.72 0.368124551664424
0.73 0.248689886625531
0.74 0.125333229838244
0.75 -4.441515363512E-09
0.76 -0.125333238895871
0.77 -0.248689893798409
0.78 -0.368124559103454
0.79 -0.481753681258761
0.8 -0.587785257827589
0.81 -0.684547107703984
0.82 -0.770513244187648
0.83 -0.844327923776032
0.84 -0.90482704774143
0.85 -0.951056511589508
0.86 -0.982287243888581
0.87 -0.998026725363611
0.88 -0.998026725795347
0.89 -0.98228724652683
0.9 -0.951056515265713
0.91 -0.904827050012221
0.92 -0.844327924824449
0.93 -0.770513240541919
0.94 -0.684547099583137
0.95 -0.587785247224122
0.96 -0.481753668395528
0.97 -0.368124547855149
0.98 -0.248689883223625
0.99 -0.125333229774596
1 0 


