0.001 0.000999 0.998
0.002 0.00199600199889923 0.996004496951936
0.004 0.00398402696803973 0.992022464303886
0.008 0.00793624437930895 0.984094177263851
0.016 0.0157460144358274 0.968379825229553
0.0302108338620973 0.0293117452999393 0.940927756533157
0.0485469820595881 0.0462463980055872 0.906364769632808
0.0716576959912654 0.0667024308389968 0.864145672321078
0.0993950380371006 0.0899906426759096 0.815393010691134
0.131807838263781 0.115530642835488 0.760977499296442
0.168926615764633 0.142670294605994 0.701899374694717
0.210818644119718 0.170746189385123 0.639173599874347
0.257582838983703 0.199090025823783 0.573826486431144
0.309356438647847 0.227042287293706 0.506875821930923
0.366320295033499 0.253962440061295 0.43931732240388
0.428706058741009 0.279237888135904 0.372112592383069
0.496805283410247 0.302291417970967 0.306179224003333
0.570981122398913 0.322587259187393 0.242382862002437
0.651683287651881 0.339635865926994 0.181531226399965
0.739467100577532 0.352997638954249 0.124369996481905
0.835017607867154 0.362285979525805 0.0715803286191951
0.939179845711333 0.36717033144028 0.0237775432103072
1.05299633330749 0.3673802568606 -0.0184898707815623
1.17891150361525 0.362648518891839 -0.0550354642334298
1.31991221636266 0.352625678058027 -0.0854671983171695
1.47809666013218 0.337111143896163 -0.109039980452268
1.65625539905359 0.316099819647011 -0.125247656830899
1.85766069904532 0.289863917145931 -0.133826781405444
2.08633088935164 0.259000614522589 -0.134858852838982
2.34769588552268 0.22441409438238 -0.128824917661493
2.65097583357721 0.187111864458069 -0.11652950715493
2.97599510587016 0.151765745257938 -0.100769013673617
3.34543466482784 0.117909431067794 -0.0826644819607772
3.72759080577387 0.089651143675 -0.065600398855977
4.1200780567039 0.0669233689125034 -0.0506801083704501
4.49464571902343 0.0501989866250348 -0.0390303440460426
4.87102695544035 0.0373387237011071 -0.0296732334427045
5.2543638345616 0.0274522309967575 -0.0222275636565054
5.64921227215686 0.0198867777760327 -0.0163664924148759
6.0565891261279 0.0141867352365911 -0.0118443624424546
6.48115530023873 0.00992931045742704 -0.0083972748689313
6.92720388332024 0.00679370663778383 -0.00581297101323732
7.3994234977815 0.00452545412158491 -0.00391385159080133
7.90313871399561 0.00292078575206379 -0.00255120506999149


0 0
0.05 0.0475614712250357
0.1 0.090483741803596
0.15 0.129106196463759
0.2 0.163746150615596
0.25 0.194700195767851
0.3 0.222245466204515
0.35 0.24664083140155
0.4 0.268128018414256
0.45 0.286932668229798
0.5 0.303265329856317
0.55 0.317322395709268
0.6 0.329286981656416
0.65 0.33932975489466
0.7 0.347609712653987
0.75 0.354274914555761
0.8 0.359463171293777
0.85 0.363302692156418
0.9 0.365912693766539
0.95 0.367403972281776
1 0.367879441171442
1.05 0.367434636566713
1.1 0.366158192067887
1.15 0.364132284785911
1.2 0.361433054294643
1.25 0.358130996075238
1.3 0.354291330944216
1.35 0.349974351871954
1.4 0.345235749518249
1.45 0.340126917736007
1.5 0.334695240222645
1.55 0.328984359431452
1.6 0.323034428791449
1.65 0.316882349224244
1.7 0.310561990889649
1.75 0.304104401038279
1.8 0.297537998798856
1.85 0.290888757680211
1.9 0.284180376523006
1.95 0.277434439593701
2 0.270670566473225
2.05 0.263906552354999
2.1 0.257158499331262
2.15 0.250440939213018
2.2 0.243766948397135
2.25 0.237148255264195
2.3 0.230595340562449
2.35 0.224117531206542
2.4 0.21772308789459
2.45 0.211419286923458
2.5 0.205212496559747
2.55 0.199108248302941
2.6 0.193111303357268
2.65 0.187225714610139
2.7 0.181454884397325
2.75 0.175801618318446
2.8 0.170268175350611
2.85 0.16485631449329
2.9 0.159567338163581
2.95 0.154402132547876
3 0.149361205103592
3.05 0.14444471939298
3.1 0.139652527420029
3.15 0.134984199631177
3.2 0.130439052730772
3.25 0.126016175453097
3.3 0.121714452424092
3.35 0.117532586237831
3.4 0.113469117865109
3.45 0.109522445504335
3.5 0.105690841978115
3.55 0.10197247077255
3.6 0.0983654008102536
3.65 0.0948676200424573
3.69999999999999 0.0914770479402561
3.74999999999999 0.0881915469600345
3.79999999999999 0.0850089330534296
3.84999999999999 0.0819269852877524
3.89999999999999 0.0789434546386375
3.94999999999999 0.0760560720127787
3.99999999999999 0.0732625555549371
4.04999999999999 0.0705606172899491
4.09999999999999 0.0679479691472215
4.14999999999999 0.0654223284121465
4.19999999999999 0.0629814226460067
4.24999999999999 0.0606229941132472
4.29999999999999 0.0583448037524643
4.34999999999999 0.0561446347250878
4.39999999999999 0.0540202955735015
4.44999999999999 0.05196962301826
4.49999999999999 0.0499904844220907
4.54999999999999 0.0480807799465299
4.59999999999999 0.0462384444253148
4.64999999999999 0.0444614489770276
4.69999999999999 0.0427478023779706
4.74999999999999 0.0410955522148233
4.79999999999999 0.0395027858352964
4.84999999999999 0.0379676311137453
4.89999999999999 0.0364882570475295
4.94999999999999 0.0350628741988083
4.99999999999999 0.0336897349954276
5.04999999999999 0.032367133903595
5.09999999999999 0.03109340748413
5.14999999999999 0.0298669343432373
5.19999999999999 0.0286861349879563
5.24999999999999 0.0275494715957025
5.29999999999999 0.0264554477066244
5.34999999999999 0.0254026078468516
5.39999999999999 0.0243895370901086
5.44999999999999 0.0234148605646005
5.49999999999999 0.0224772429115526
5.54999999999999 0.0215753877012927
5.59999999999999 0.0207080368123046
5.64999999999999 0.0198739697782537
5.69999999999999 0.0190720031075864
5.74999999999999 0.0183009895799308
5.79999999999999 0.0175598175231799
5.84999999999999 0.0168474100748164
5.89999999999999 0.0161627244307336
5.94999999999999 0.0155047510845307
5.99999999999999 0.0148725130599983
6.04999999999999 0.0142650651392661
6.09999999999999 0.0136814930888636
6.14999999999999 0.0131209128857321
6.19999999999999 0.0125824699450337
6.24999999999999 0.0120653383514233
6.29999999999999 0.0115687200952823
6.34999999999999 0.0110918443152582
6.39999999999999 0.0106339665483133
6.44999999999999 0.0101943679883487
6.49999999999998 0.00977235475435435
6.54999999999998 0.0093672571689167
6.59999999999998 0.00897842904781621
6.64999999999998 0.00860524700134801
6.69999999999998 0.00824710974791244
6.74999999999998 0.00790343744034053
6.79999999999998 0.00757367100534477
6.84999999999998 0.00725727149641723
6.89999999999998 0.00695371946043482
6.94999999999998 0.00666251431817353
6.99999999999998 0.00638317375888171
7.04999999999998 0.00611523314901446
7.09999999999998 0.00585824495518801
7.14999999999998 0.00561177818137325
7.19999999999998 0.00537541782031217
7.24999999999998 0.00514876431910856
7.29999999999998 0.00493143305891514
7.34999999999998 0.00472305384861342
7.39999999999998 0.00452327043235891
7.44999999999998 0.00433174001084355
7.49999999999998 0.00414813277610882
7.54999999999998 0.00397213145972634
7.59999999999998 0.0038034308941487
7.64999999999998 0.00364173758702042
7.69999999999998 0.0034867693082284
7.74999999999998 0.00333825468946164
7.79999999999998 0.00319593283604239
7.84999999999998 0.00305955295078418
7.89999999999998 0.00292887396962685
7.94999999999998 0.00280366420879468
7.99999999999998 0.00268370102322014
