0.000000 0.000000 1.000000
0.100000 0.099833 0.995004
0.263793 0.260744 0.965408
0.423091 0.410581 0.911824
0.588333 0.554975 0.831867
0.758809 0.688058 0.725656
0.935537 0.804918 0.593387
1.109041 0.895272 0.445520
1.273575 0.956154 0.292865
1.430880 0.990228 0.139461
1.589513 0.999825 -0.018715
1.741885 0.985400 -0.170256
1.899673 0.946406 -0.322980
2.061886 0.881820 -0.471587
2.229148 0.791002 -0.611814
2.402106 0.673909 -0.738815
2.581755 0.531048 -0.847342
2.751016 0.380722 -0.924690
2.912329 0.227261 -0.973834
3.066838 0.074686 -0.997207
3.222621 -0.080940 -0.996719
3.377192 -0.233426 -0.972375
3.536761 -0.384963 -0.922932
3.700989 -0.530675 -0.847576
3.870503 -0.666058 -0.745901
4.046074 -0.786105 -0.618093
4.228889 -0.885374 -0.464881
4.394518 -0.949903 -0.312546
4.552692 -0.987276 -0.159019
4.712212 -1.000001 -0.000178
4.863942 -0.988538 0.150973
5.021194 -0.952698 0.303921
5.182808 -0.891379 0.453260
5.349407 -0.803874 0.594801
5.521602 -0.690069 0.723744
5.700339 -0.550403 0.834900
5.870747 -0.400845 0.916147
6.033031 -0.247554 0.968875
6.188390 -0.094654 0.995511
6.345039 0.061814 0.998088
6.498927 0.214072 0.976819
6.657944 0.366049 0.930597
6.821545 0.512729 0.858551
6.990357 0.649686 0.760203
7.165107 0.771962 0.635669
7.346920 0.874176 0.485611
7.513643 0.942643 0.333806
7.672773 0.983627 0.180219
7.833270 0.999786 0.020710
7.985852 0.991319 -0.131488
8.142379 0.958702 -0.284416
8.303414 0.900695 -0.434455
8.469343 0.816566 -0.577254
8.640776 0.706120 -0.708094
8.818606 0.569726 -0.821836
8.990205 0.421023 -0.907051
9.153488 0.267975 -0.963427
9.309715 0.114810 -0.993389
9.424778 0.000000 -1.000001
