0.000000 0.000000000000
0.011905 0.000000281236
0.023224 0.000000522849
0.034190 0.000000742470
0.044942 0.000000949253
0.055563 0.000001148264
0.066103 0.000001342424
0.076592 0.000001533458
0.087052 0.000001722393
0.097493 0.000001909847
0.107925 0.000002096183
0.118351 0.000002281611
0.128774 0.000002466247
0.139198 0.000002650147
0.149624 0.000002833331
0.160052 0.000003015795
0.170484 0.000003197521
0.180920 0.000003378484
0.191361 0.000003558650
0.201808 0.000003737984
0.212259 0.000003916447
0.222718 0.000004094001
0.233182 0.000004270603
0.243654 0.000004446214
0.254133 0.000004620791
0.264621 0.000004794291
0.275116 0.000004966673
0.285620 0.000005137893
0.296134 0.000005307907
0.306657 0.000005476673
0.317191 0.000005644147
0.327735 0.000005810283
0.338290 0.000005975039
0.348856 0.000006138369
0.359435 0.000006300228
0.370026 0.000006460570
0.380630 0.000006619351
0.391248 0.000006776522
0.401879 0.000006932039
0.412526 0.000007085853
0.423187 0.000007237917
0.433864 0.000007388182
0.444558 0.000007536602
0.455268 0.000007683125
0.465996 0.000007827702
0.476742 0.000007970284
0.487506 0.000008110818
0.498290 0.000008249254
0.509093 0.000008385539
0.519918 0.000008519619
0.530764 0.000008651442
0.541631 0.000008780951
0.552522 0.000008908091
0.563436 0.000009032806
0.574375 0.000009155038
0.585338 0.000009274729
0.596328 0.000009391818
0.607344 0.000009506245
0.618388 0.000009617948
0.629461 0.000009726862
0.640563 0.000009832924
0.651696 0.000009936066
0.662861 0.000010036221
0.674057 0.000010133320
0.685288 0.000010227290
0.696554 0.000010318059
0.707855 0.000010405552
0.719194 0.000010489690
0.730571 0.000010570395
0.741988 0.000010647584
0.753446 0.000010721173
0.764947 0.000010791073
0.776492 0.000010857196
0.788083 0.000010919446
0.799721 0.000010977727
0.811408 0.000011031939
0.823126 0.000011081233
0.834842 0.000011124419
0.846540 0.000011160815
0.858207 0.000011190063
0.869838 0.000011212005
0.881428 0.000011226602
0.892978 0.000011233886
0.904485 0.000011233929
0.915951 0.000011226823
0.927376 0.000011212675
0.938761 0.000011191592
0.950108 0.000011163683
0.961417 0.000011129056
0.972689 0.000011087813
0.983926 0.000011040057
0.995129 0.000010985882
1.006299 0.000010925382
1.017436 0.000010858646
1.028543 0.000010785760
1.039620 0.000010706805
1.050667 0.000010621860
1.061687 0.000010531000
1.072680 0.000010434299
1.083646 0.000010331827
1.094587 0.000010223652
1.105503 0.000010109838
1.116395 0.000009990448
1.127265 0.000009865544
1.138112 0.000009735185
1.148938 0.000009599427
1.159743 0.000009458326
1.170527 0.000009311935
1.181293 0.000009160307
1.192039 0.000009003492
1.202767 0.000008841539
1.213478 0.000008674497
1.224172 0.000008502411
1.234849 0.000008325328
1.245511 0.000008143292
1.256158 0.000007956346
1.266789 0.000007764532
1.277407 0.000007567892
1.288011 0.000007366467
1.298602 0.000007160295
1.309181 0.000006949416
1.319747 0.000006733867
1.330302 0.000006513687
1.340846 0.000006288911
1.351379 0.000006059576
1.361902 0.000005825717
1.372416 0.000005587368
1.382920 0.000005344564
1.393415 0.000005097338
1.403902 0.000004845723
1.414381 0.000004589752
1.424852 0.000004329457
1.435317 0.000004064869
1.445775 0.000003796019
1.456226 0.000003522939
1.466672 0.000003245658
1.477112 0.000002964207
1.487547 0.000002678615
1.497978 0.000002388910
1.508404 0.000002095123
1.518826 0.000001797280
1.529245 0.000001495411
1.539661 0.000001189543
1.550074 0.000000879704
1.560485 0.000000565920
1.570894 0.000000248219
1.581301 0.000000073373
1.591707 0.000000398829
1.602112 0.000000728124
1.612517 0.000001061233
1.622922 0.000001398129
1.633327 0.000001738787
1.643733 0.000002083183
1.654140 0.000002431292
1.664548 0.000002783090
1.674958 0.000003138552
1.685370 0.000003497656
1.695785 0.000003860377
1.706203 0.000004226693
1.716624 0.000004596580
1.727049 0.000004970016
1.737478 0.000005346978
1.747912 0.000005727445
1.758351 0.000006111395
1.768794 0.000006498807
1.779244 0.000006889658
1.789700 0.000007283929
1.800162 0.000007681600
1.810631 0.000008082649
1.821108 0.000008487058
1.831592 0.000008894807
1.842084 0.000009305877
1.852585 0.000009720250
1.863096 0.000010137907
1.873615 0.000010558831
1.884145 0.000010983005
1.894685 0.000011410411
1.905236 0.000011841034
1.915798 0.000012274857
1.926372 0.000012711866
1.936959 0.000013152046
1.947558 0.000013595383
1.958171 0.000014041862
1.968798 0.000014491473
1.979439 0.000014944202
1.990095 0.000015400038
2.000766 0.000015858970
2.011453 0.000016320989
2.022158 0.000016786086
2.032879 0.000017254253
2.043618 0.000017725482
2.054376 0.000018199767
2.065152 0.000018677103
2.075949 0.000019157487
2.086766 0.000019640916
2.097604 0.000020127387
2.108463 0.000020616901
2.119346 0.000021109459
2.130251 0.000021605064
2.141181 0.000022103720
2.152135 0.000022605433
2.163115 0.000023110210
2.174122 0.000023618062
2.185156 0.000024129000
2.196218 0.000024643038
2.207309 0.000025160192
2.218431 0.000025680482
2.229584 0.000026203927
2.240769 0.000026730553
2.251987 0.000027260387
2.263240 0.000027793458
2.274529 0.000028329802
2.285854 0.000028869456
2.297217 0.000029412461
2.308619 0.000029958865
2.320062 0.000030508717
2.331548 0.000031062073
2.343077 0.000031618995
2.354651 0.000032179551
2.366271 0.000032743814
2.377941 0.000033311864
2.389654 0.000033883265
2.401375 0.000034454999
2.413082 0.000035025126
2.424761 0.000035592412
2.436406 0.000036156075
2.448012 0.000036715619
2.459576 0.000037270734
2.471099 0.000037821221
2.482580 0.000038366952
2.494020 0.000038907845
2.505419 0.000039443844
2.516780 0.000039974909
2.528102 0.000040501011
2.539387 0.000041022125
2.550637 0.000041538230
2.561852 0.000042049308
2.573033 0.000042555338
2.584182 0.000043056302
2.595300 0.000043552180
2.606388 0.000044042952
2.617446 0.000044528597
2.628475 0.000045009095
2.639478 0.000045484422
2.650453 0.000045954556
2.661403 0.000046419474
2.672328 0.000046879150
2.683229 0.000047333561
2.694107 0.000047782680
2.704962 0.000048226482
2.715795 0.000048664940
2.726608 0.000049098026
2.737400 0.000049525714
2.748172 0.000049947975
2.758925 0.000050364780
2.769660 0.000050776101
2.780377 0.000051181908
2.791077 0.000051582172
2.801760 0.000051976862
2.812427 0.000052365948
2.823079 0.000052749399
2.833716 0.000053127184
2.844339 0.000053499271
2.854948 0.000053865630
2.865544 0.000054226227
2.876127 0.000054581031
2.886698 0.000054930010
2.897257 0.000055273129
2.907804 0.000055610357
2.918341 0.000055941661
2.928868 0.000056267006
2.939385 0.000056586359
2.949892 0.000056899686
2.960391 0.000057206953
2.970880 0.000057508126
2.981362 0.000057803170
2.991836 0.000058092050
3.002303 0.000058374732
3.012763 0.000058651180
3.023217 0.000058921359
3.033665 0.000059185234
3.044107 0.000059442769
3.054544 0.000059693927
3.064976 0.000059938674
3.075404 0.000060176972
3.085828 0.000060408785
3.096248 0.000060634076
3.106665 0.000060852809
3.117079 0.000061064946
3.127490 0.000061270450
3.137900 0.000061469284
3.148307 0.000061661409
3.158714 0.000061846788
3.169119 0.000062025383
3.179524 0.000062197155
3.189929 0.000062362065
3.200334 0.000062520075
3.210740 0.000062671145
3.221146 0.000062815236
3.231554 0.000062952308
3.241963 0.000063082321
3.252375 0.000063205235
3.262789 0.000063321009
3.273205 0.000063429602
3.283625 0.000063530973
3.294049 0.000063625081
3.304476 0.000063711882
3.314908 0.000063791336
3.325345 0.000063863398
3.335787 0.000063928026
3.346234 0.000063985177
3.356688 0.000064034805
3.367148 0.000064076868
3.377614 0.000064111319
3.388088 0.000064138113
3.398569 0.000064157204
3.409059 0.000064168546
3.419557 0.000064172091
3.430064 0.000064167792
3.440580 0.000064155599
3.451106 0.000064135464
3.461642 0.000064107338
3.472189 0.000064071169
3.482747 0.000064026906
3.493317 0.000063974497
3.503899 0.000063913889
3.514494 0.000063845029
3.525102 0.000063767861
3.535723 0.000063682330
3.546359 0.000063588378
3.557009 0.000063485949
3.567675 0.000063374983
3.578357 0.000063255419
3.589055 0.000063127198
3.599770 0.000062990254
3.610502 0.000062844526
3.621253 0.000062689947
3.632023 0.000062526449
3.642812 0.000062353965
3.653622 0.000062172424
3.664452 0.000061981754
3.675304 0.000061781881
3.686178 0.000061572728
3.697075 0.000061354218
3.707995 0.000061126271
3.718941 0.000060888803
3.729912 0.000060641731
3.740908 0.000060384965
3.751932 0.000060118417
3.762984 0.000059841992
3.774065 0.000059555594
3.785176 0.000059259124
3.796317 0.000058952478
3.807491 0.000058635551
3.818697 0.000058308230
3.829937 0.000057970403
3.841212 0.000057621949
3.852524 0.000057262745
3.863873 0.000056892663
3.875261 0.000056511567
3.886690 0.000056119320
3.898160 0.000055715775
3.909673 0.000055300780
3.921230 0.000054874177
3.932834 0.000054435799
3.944485 0.000053985472
3.956186 0.000053523013
3.967907 0.000053048532
3.979621 0.000052562252
3.991311 0.000052064420
4.002969 0.000051555292
4.014589 0.000051035117
4.026168 0.000050504136
4.037706 0.000049962576
4.049202 0.000049410654
4.060656 0.000048848574
4.072070 0.000048276528
4.083445 0.000047694702
4.094781 0.000047103270
4.106079 0.000046502401
4.117342 0.000045892257
4.128569 0.000045272993
4.139763 0.000044644760
4.150923 0.000044007702
4.162052 0.000043361961
4.173150 0.000042707673
4.184219 0.000042044971
4.195259 0.000041373984
4.206271 0.000040694839
4.217256 0.000040007657
4.228215 0.000039312559
4.239149 0.000038609661
4.250059 0.000037899079
4.260945 0.000037180923
4.271808 0.000036455304
4.282649 0.000035722330
4.293469 0.000034982106
4.304268 0.000034234735
4.315047 0.000033480320
4.325807 0.000032718961
4.336549 0.000031950756
4.347272 0.000031175803
4.357978 0.000030394197
4.368667 0.000029606031
4.379340 0.000028811401
4.389998 0.000028010396
4.400640 0.000027203107
4.411268 0.000026389625
4.421882 0.000025570037
4.432482 0.000024744432
4.443070 0.000023912894
4.453645 0.000023075512
4.464208 0.000022232368
4.474760 0.000021383546
4.485301 0.000020529132
4.495831 0.000019669205
4.506351 0.000018803850
4.516862 0.000017933145
4.527364 0.000017057173
4.537857 0.000016176013
4.548341 0.000015289745
4.558818 0.000014398446
4.569288 0.000013502196
4.579750 0.000012601071
4.590206 0.000011695150
4.600656 0.000010784509
4.611100 0.000009869225
4.621539 0.000008949373
4.631973 0.000008025029
4.642402 0.000007096268
4.652827 0.000006163165
4.663248 0.000005225794
4.673666 0.000004284230
4.684081 0.000003338545
4.694494 0.000002388814
4.704904 0.000001435109
4.715312 0.000000477504
4.725719 0.000000483930
4.736125 0.000001449120
4.746530 0.000002417994
4.756935 0.000003390481
4.767340 0.000004366509
4.777745 0.000005346008
4.788151 0.000006328906
4.798558 0.000007315133
4.808967 0.000008304618
4.819378 0.000009297292
4.829791 0.000010293085
4.840207 0.000011291927
4.850625 0.000012293748
4.861048 0.000013298481
4.871474 0.000014306056
4.881904 0.000015316404
4.892339 0.000016329457
4.902779 0.000017345148
4.913224 0.000018363407
4.923676 0.000019384169
4.934133 0.000020407366
4.944597 0.000021432930
4.955068 0.000022460795
4.965547 0.000023490894
4.976033 0.000024523162
4.986528 0.000025557533
4.997032 0.000026593941
5.007544 0.000027632320
5.018067 0.000028672608
5.028599 0.000029714737
5.039142 0.000030758646
5.049696 0.000031804270
5.060262 0.000032851545
5.070840 0.000033900409
5.081430 0.000034950800
5.092033 0.000036002654
5.102649 0.000037055912
5.113280 0.000038110512
5.123925 0.000039166393
5.134585 0.000040223495
5.145261 0.000041281760
5.155953 0.000042341128
5.166662 0.000043401541
5.177388 0.000044462943
5.188132 0.000045525276
5.198895 0.000046588485
5.209677 0.000047652514
5.220479 0.000048717310
5.231302 0.000049782819
5.242146 0.000050848989
5.253011 0.000051915769
5.263900 0.000052983108
5.274812 0.000054050959
5.285749 0.000055119273
5.296710 0.000056188004
5.307697 0.000057257107
5.318711 0.000058326539
5.329753 0.000059396258
5.340823 0.000060466224
5.351923 0.000061536400
5.363053 0.000062606749
5.374215 0.000063677237
5.385409 0.000064747834
5.396637 0.000065818509
5.407900 0.000066889237
5.419198 0.000067959994
5.430534 0.000069030760
5.441908 0.000070101518
5.453321 0.000071172255
5.464776 0.000072242961
5.476273 0.000073313631
5.487814 0.000074384266
5.499401 0.000075454869
5.511035 0.000076525450
5.522718 0.000077596027
5.534434 0.000078664449
5.546152 0.000079726571
5.557852 0.000080779790
5.569522 0.000081822497
5.581156 0.000082853711
5.592750 0.000083872846
5.604303 0.000084879564
5.615814 0.000085873676
5.627283 0.000086855090
5.638712 0.000087823766
5.650100 0.000088779701
5.661450 0.000089722908
5.672762 0.000090653413
5.684037 0.000091571244
5.695277 0.000092476433
5.706483 0.000093369008
5.717655 0.000094249000
5.728796 0.000095116433
5.739905 0.000095971333
5.750984 0.000096813719
5.762034 0.000097643612
5.773056 0.000098461025
5.784051 0.000099265973
5.795019 0.000100058466
5.805962 0.000100838512
5.816881 0.000101606118
5.827775 0.000102361288
5.838646 0.000103104023
5.849496 0.000103834325
5.860323 0.000104552191
5.871130 0.000105257617
5.881916 0.000105950599
5.892683 0.000106631131
5.903431 0.000107299204
5.914161 0.000107954809
5.924873 0.000108597935
5.935568 0.000109228570
5.946247 0.000109846702
5.956910 0.000110452315
5.967558 0.000111045395
5.978191 0.000111625925
5.988810 0.000112193888
5.999415 0.000112749265
6.010007 0.000113292038
6.020587 0.000113822186
6.031154 0.000114339688
6.041710 0.000114844523
6.052255 0.000115336668
6.062789 0.000115816100
6.073312 0.000116282796
6.083827 0.000116736730
6.094331 0.000117177877
6.104827 0.000117606213
6.115315 0.000118021709
6.125795 0.000118424340
6.136267 0.000118814077
6.146732 0.000119190893
6.157190 0.000119554759
6.167642 0.000119905645
6.178088 0.000120243522
6.188529 0.000120568359
6.198964 0.000120880127
6.209395 0.000121178793
6.219822 0.000121464325
6.230245 0.000121736693
6.240664 0.000121995862
6.251080 0.000122241800
6.261493 0.000122474474
6.271904 0.000122693848
6.282313 0.000122899889
6.292721 0.000123092561
6.303127 0.000123271830
6.313532 0.000123437658
6.323937 0.000123590010
6.334342 0.000123728848
6.344747 0.000123854136
6.355152 0.000123965835
6.365559 0.000124063906
6.375967 0.000124148311
6.386377 0.000124219010
6.396789 0.000124275964
6.407204 0.000124319130
6.417622 0.000124348469
6.428043 0.000124363939
6.438467 0.000124365496
6.448896 0.000124353099
6.459329 0.000124326703
6.469767 0.000124286263
6.480211 0.000124231736
6.490660 0.000124163074
6.501115 0.000124080232
6.511577 0.000123983162
6.522045 0.000123871816
6.532521 0.000123746145
6.543005 0.000123606099
6.553496 0.000123451627
6.563997 0.000123282677
6.574506 0.000123099198
6.585025 0.000122901134
6.595554 0.000122688432
6.606093 0.000122461034
6.616643 0.000122218885
6.627204 0.000121961925
6.637777 0.000121690094
6.648363 0.000121403332
6.658961 0.000121101576
6.669573 0.000120784763
6.680198 0.000120452825
6.690838 0.000120105697
6.701493 0.000119743309
6.712163 0.000119365591
6.722849 0.000118972470
6.733551 0.000118563870
6.744271 0.000118139717
6.755009 0.000117699930
6.765765 0.000117244428
6.776540 0.000116773129
6.787335 0.000116285944
6.798150 0.000115782787
6.808986 0.000115263564
6.819844 0.000114728182
6.830724 0.000114176543
6.841628 0.000113608544
6.852555 0.000113024082
6.863507 0.000112423049
6.874485 0.000111805331
6.885490 0.000111170814
6.896521 0.000110519375
6.907581 0.000109850890
6.918670 0.000109165229
6.929789 0.000108462255
6.940939 0.000107741830
6.952122 0.000107003805
6.963337 0.000106248027
6.974587 0.000105474339
6.985872 0.000104682573
6.997194 0.000103872556
7.008554 0.000103044106
7.019953 0.000102197033
7.031393 0.000101331138
7.042875 0.000100446214
7.054400 0.000099542041
7.065970 0.000098618390
7.077587 0.000097675020
7.089252 0.000096711676
7.100964 0.000095728255
7.112686 0.000094726617
7.124395 0.000093708086
7.136078 0.000092673635
7.147726 0.000091624000
7.159335 0.000090559755
7.170903 0.000089481366
7.182429 0.000088389223
7.193914 0.000087283663
7.205357 0.000086164988
7.216760 0.000085033470
7.228123 0.000083889363
7.239449 0.000082732907
7.250737 0.000081564328
7.261990 0.000080383844
7.273208 0.000079191664
7.284392 0.000077987993
7.295544 0.000076773027
7.306664 0.000075546959
7.317754 0.000074309976
7.328815 0.000073062261
7.339847 0.000071803995
7.350851 0.000070535353
7.361829 0.000069256506
7.372781 0.000067967626
7.383708 0.000066668877
7.394611 0.000065360423
7.405491 0.000064042426
7.416348 0.000062715044
7.427183 0.000061378433
7.437997 0.000060032747
7.448790 0.000058678138
7.459564 0.000057314756
7.470319 0.000055942750
7.481055 0.000054562265
7.491774 0.000053173447
7.502475 0.000051776438
7.513160 0.000050371382
7.523828 0.000048958417
7.534482 0.000047537683
7.545120 0.000046109319
7.555744 0.000044673460
7.566354 0.000043230241
7.576951 0.000041779799
7.587535 0.000040322265
7.598107 0.000038857772
7.608667 0.000037386452
7.619215 0.000035908435
7.629753 0.000034423852
7.640281 0.000032932831
7.650798 0.000031435500
7.661306 0.000029931988
7.671806 0.000028422420
7.682296 0.000026906924
7.692779 0.000025385624
7.703253 0.000023858645
7.713721 0.000022326113
7.724182 0.000020788151
7.734636 0.000019244882
7.745084 0.000017696429
7.755527 0.000016142916
7.765964 0.000014584462
7.776396 0.000013021191
7.786824 0.000011453223
7.797249 0.000009880679
7.807669 0.000008303679
7.818086 0.000006722344
7.828500 0.000005136792
7.838912 0.000003547144
7.849322 0.000001953518
7.859730 0.000000356033
7.870136 0.000001245192
7.880542 0.000002850040
7.890947 0.000004458393
7.901352 0.000006070134
7.911756 0.000007685144
7.922162 0.000009303307
7.932568 0.000010924506
7.942976 0.000012548625
7.953385 0.000014175547
7.963796 0.000015805156
7.974210 0.000017437337
7.984627 0.000019071973
7.995046 0.000020708949
8.005470 0.000022348151
8.015897 0.000023989462
8.026328 0.000025632769
8.036765 0.000027277956
8.047206 0.000028924909
8.057653 0.000030573514
8.068106 0.000032223657
8.078565 0.000033875225
8.089031 0.000035528103
8.099504 0.000037182178
8.109985 0.000038837337
8.120474 0.000040493468
8.130971 0.000042150458
8.141477 0.000043808193
8.151993 0.000045466562
8.162518 0.000047125454
8.173053 0.000048784755
8.183599 0.000050444356
8.194156 0.000052104143
8.204725 0.000053764008
8.215306 0.000055423838
8.225900 0.000057083524
8.236506 0.000058742956
8.247127 0.000060402024
8.257761 0.000062060619
8.268411 0.000063718631
8.279075 0.000065375953
8.289755 0.000067032476
8.300452 0.000068688092
8.311165 0.000070342695
8.321897 0.000071996177
8.332646 0.000073648432
8.343414 0.000075299355
8.354202 0.000076948841
8.365009 0.000078596784
8.375838 0.000080243082
8.386688 0.000081887631
8.397560 0.000083530328
8.408455 0.000085171074
8.419374 0.000086809765
8.430317 0.000088446304
8.441285 0.000090080591
8.452280 0.000091712529
8.463302 0.000093342020
8.474351 0.000094968971
8.485430 0.000096593286
8.496538 0.000098214874
8.507677 0.000099833643
8.518847 0.000101449504
8.530050 0.000103062370
8.541288 0.000104672155
8.552560 0.000106278775
8.563869 0.000107882150
8.575215 0.000109482200
8.586600 0.000111078850
8.598024 0.000112672026
8.609491 0.000114261659
8.621000 0.000115847682
8.632554 0.000117430033
8.644154 0.000119008652
8.655801 0.000120583486
8.667498 0.000122154486
8.679217 0.000123716857
8.690932 0.000125265705
8.702624 0.000126798008
8.714285 0.000128311931
8.725908 0.000129806386
8.737491 0.000131280754
8.749032 0.000132734701
8.760532 0.000134168073
8.771990 0.000135580818
8.783407 0.000136972953
8.794785 0.000138344526
8.806124 0.000139695607
8.817425 0.000141026275
8.828691 0.000142336612
8.839921 0.000143626701
8.851117 0.000144896618
8.862281 0.000146146441
8.873413 0.000147376238
8.884513 0.000148586077
8.895584 0.000149776018
8.906627 0.000150946118
8.917641 0.000152096428
8.928628 0.000153226996
8.939590 0.000154337867
8.950526 0.000155429078
8.961437 0.000156500666
8.972325 0.000157552663
8.983190 0.000158585097
8.994033 0.000159597995
9.004855 0.000160591379
9.015656 0.000161565269
9.026437 0.000162519682
9.037198 0.000163454632
9.047941 0.000164370130
9.058666 0.000165266188
9.069373 0.000166142813
9.080064 0.000167000009
9.090738 0.000167837780
9.101397 0.000168656128
9.112041 0.000169455052
9.122670 0.000170234550
9.133285 0.000170994619
9.143886 0.000171735254
9.154475 0.000172456446
9.165051 0.000173158190
9.175615 0.000173840474
9.186168 0.000174503288
9.196710 0.000175146620
9.207241 0.000175770456
9.217762 0.000176374782
9.228274 0.000176959583
9.238776 0.000177524841
9.249270 0.000178070539
9.259755 0.000178596658
9.270232 0.000179103178
9.280703 0.000179590079
9.291166 0.000180057339
9.301622 0.000180504936
9.312072 0.000180932846
9.322517 0.000181341045
9.332956 0.000181729508
9.343390 0.000182098210
9.353820 0.000182447123
9.364246 0.000182776222
9.374667 0.000183085476
9.385085 0.000183374859
9.395501 0.000183644339
9.405913 0.000183893888
9.416324 0.000184123473
9.424778 0.000184243291


0.000000 0.000000000000
0.011905 0.000000281236
0.023224 0.000000522849
0.034192 0.000000742574
0.044949 0.000000949610
0.055577 0.000001149045
0.066127 0.000001343813
0.076632 0.000001535645
0.087109 0.000001725575
0.097573 0.000001914223
0.108030 0.000002101953
0.118486 0.000002288977
0.128943 0.000002475410
0.139405 0.000002661308
0.149872 0.000002846690
0.160346 0.000003031552
0.170827 0.000003215875
0.181317 0.000003399630
0.191815 0.000003582784
0.202323 0.000003765300
0.212840 0.000003947136
0.223368 0.000004128251
0.233906 0.000004308603
0.244455 0.000004488146
0.255017 0.000004666838
0.265590 0.000004844633
0.276176 0.000005021485
0.286774 0.000005197348
0.297387 0.000005372175
0.308013 0.000005545921
0.318654 0.000005718537
0.329309 0.000005889975
0.339981 0.000006060188
0.350668 0.000006229125
0.361371 0.000006396739
0.372092 0.000006562978
0.382830 0.000006727792
0.393587 0.000006891130
0.404362 0.000007052941
0.415157 0.000007213171
0.425971 0.000007371767
0.436806 0.000007528677
0.447662 0.000007683844
0.458540 0.000007837214
0.469441 0.000007988731
0.480364 0.000008138336
0.491312 0.000008285973
0.502284 0.000008431582
0.513281 0.000008575104
0.524305 0.000008716476
0.535355 0.000008855638
0.546433 0.000008992525
0.557539 0.000009127074
0.568675 0.000009259217
0.579841 0.000009388889
0.591038 0.000009516021
0.602267 0.000009640541
0.613529 0.000009762379
0.624825 0.000009881461
0.636157 0.000009997712
0.647524 0.000010111055
0.658929 0.000010221410
0.670372 0.000010328696
0.681855 0.000010432830
0.693379 0.000010533726
0.704945 0.000010631295
0.716555 0.000010725446
0.728210 0.000010816085
0.739912 0.000010903115
0.751661 0.000010986435
0.763460 0.000011065940
0.775311 0.000011141524
0.787215 0.000011213075
0.799174 0.000011280475
0.811189 0.000011343605
0.823246 0.000011401625
0.835309 0.000011453124
0.847358 0.000011497278
0.859382 0.000011533643
0.871373 0.000011562006
0.883328 0.000011582296
0.895245 0.000011594523
0.907122 0.000011598748
0.918962 0.000011595055
0.930763 0.000011583544
0.942528 0.000011564319
0.954257 0.000011537484
0.965951 0.000011503143
0.977613 0.000011461397
0.989242 0.000011412343
1.000840 0.000011356074
1.012409 0.000011292679
1.023949 0.000011222241
1.035461 0.000011144844
1.046947 0.000011060564
1.058408 0.000010969474
1.069844 0.000010871647
1.081256 0.000010767150
1.092646 0.000010656048
1.104015 0.000010538403
1.115362 0.000010414275
1.126690 0.000010283721
1.137998 0.000010146796
1.149288 0.000010003555
1.160561 0.000009854047
1.171816 0.000009698322
1.183056 0.000009536428
1.194280 0.000009368411
1.205489 0.000009194314
1.216685 0.000009014182
1.227867 0.000008828056
1.239037 0.000008635975
1.250194 0.000008437980
1.261340 0.000008234107
1.272475 0.000008024394
1.283600 0.000007808876
1.294716 0.000007587589
1.305822 0.000007360565
1.316920 0.000007127839
1.328010 0.000006889442
1.339092 0.000006645405
1.350168 0.000006395759
1.361237 0.000006140534
1.372301 0.000005879759
1.383359 0.000005613462
1.394412 0.000005341671
1.405462 0.000005064414
1.416507 0.000004781717
1.427549 0.000004493606
1.438589 0.000004200107
1.449626 0.000003901245
1.460661 0.000003597044
1.471695 0.000003287528
1.482728 0.000002972722
1.493761 0.000002652648
1.504793 0.000002327328
1.515826 0.000001996786
1.526861 0.000001661043
1.537896 0.000001320121
1.548934 0.000000974040
1.559974 0.000000622822
1.571017 0.000000266487
1.582063 0.000000094945
1.593113 0.000000461455
1.604167 0.000000833024
1.615225 0.000001209632
1.626289 0.000001591261
1.637359 0.000001977893
1.648434 0.000002369510
1.659516 0.000002766095
1.670605 0.000003167632
1.681702 0.000003574103
1.692806 0.000003985492
1.703919 0.000004401783
1.715040 0.000004822962
1.726171 0.000005249013
1.737312 0.000005679922
1.748464 0.000006115675
1.759626 0.000006556258
1.770799 0.000007001658
1.781985 0.000007451863
1.793183 0.000007906861
1.804394 0.000008366640
1.815618 0.000008831189
1.826856 0.000009300499
1.838109 0.000009774559
1.849377 0.000010253360
1.860660 0.000010736895
1.871960 0.000011225155
1.883277 0.000011718134
1.894611 0.000012215826
1.905963 0.000012718226
1.917334 0.000013225330
1.928725 0.000013737134
1.940135 0.000014253636
1.951566 0.000014774836
1.963018 0.000015300732
1.974492 0.000015831326
1.985989 0.000016366621
1.997509 0.000016906620
2.009054 0.000017451329
2.020623 0.000018000754
2.032219 0.000018554904
2.043841 0.000019113789
2.055490 0.000019677420
2.067168 0.000020245812
2.078874 0.000020818980
2.090611 0.000021396943
2.102379 0.000021979722
2.114179 0.000022567338
2.126012 0.000023159819
2.137879 0.000023757193
2.149780 0.000024359492
2.161719 0.000024966750
2.173694 0.000025579007
2.185708 0.000026196305
2.197762 0.000026818691
2.209857 0.000027446215
2.221994 0.000028078935
2.234175 0.000028716910
2.246401 0.000029360207
2.258674 0.000030008900
2.270996 0.000030663066
2.283367 0.000031322792
2.295790 0.000031988172
2.308266 0.000032659308
2.320798 0.000033336309
2.333387 0.000034019298
2.346036 0.000034708405
2.358745 0.000035403773
2.371519 0.000036105557
2.384359 0.000036813927
2.397244 0.000037526793
2.410136 0.000038240469
2.423014 0.000038952574
2.435863 0.000039661586
2.448677 0.000040366529
2.461450 0.000041066779
2.474182 0.000041761931
2.486871 0.000042451721
2.499519 0.000043135969
2.512126 0.000043814549
2.524693 0.000044487367
2.537221 0.000045154349
2.549713 0.000045815434
2.562169 0.000046470566
2.574591 0.000047119692
2.586980 0.000047762761
2.599338 0.000048399722
2.611666 0.000049030525
2.623965 0.000049655118
2.636237 0.000050273448
2.648482 0.000050885460
2.660702 0.000051491099
2.672898 0.000052090310
2.685071 0.000052683033
2.697223 0.000053269211
2.709353 0.000053848783
2.721463 0.000054421688
2.733554 0.000054987863
2.745627 0.000055547247
2.757684 0.000056099774
2.769723 0.000056645379
2.781748 0.000057183996
2.793757 0.000057715559
2.805753 0.000058239998
2.817736 0.000058757246
2.829707 0.000059267233
2.841667 0.000059769888
2.853615 0.000060265141
2.865554 0.000060752918
2.877484 0.000061233148
2.889405 0.000061705757
2.901318 0.000062170670
2.913224 0.000062627814
2.925123 0.000063077110
2.937017 0.000063518485
2.948905 0.000063951859
2.960789 0.000064377156
2.972669 0.000064794296
2.984545 0.000065203200
2.996419 0.000065603789
3.008291 0.000065995981
3.020162 0.000066379694
3.032031 0.000066754847
3.043900 0.000067121356
3.055770 0.000067479138
3.067640 0.000067828108
3.079512 0.000068168181
3.091387 0.000068499271
3.103263 0.000068821290
3.115143 0.000069134152
3.127027 0.000069437767
3.138916 0.000069732046
3.150809 0.000070016899
3.162708 0.000070292235
3.174613 0.000070557962
3.186524 0.000070813986
3.198443 0.000071060215
3.210370 0.000071296553
3.222306 0.000071522903
3.234250 0.000071739170
3.246204 0.000071945255
3.258169 0.000072141058
3.270144 0.000072326481
3.282131 0.000072501420
3.294130 0.000072665773
3.306141 0.000072819437
3.318166 0.000072962305
3.330205 0.000073094271
3.342259 0.000073215227
3.354328 0.000073325063
3.366412 0.000073423668
3.378514 0.000073510928
3.390633 0.000073586730
3.402769 0.000073650957
3.414925 0.000073703490
3.427100 0.000073744210
3.439295 0.000073772995
3.451511 0.000073789719
3.463749 0.000073794257
3.476009 0.000073786479
3.488292 0.000073766256
3.500600 0.000073733452
3.512932 0.000073687931
3.525290 0.000073629555
3.537675 0.000073558181
3.550088 0.000073473664
3.562529 0.000073375854
3.574999 0.000073264602
3.587499 0.000073139749
3.600031 0.000073001139
3.612596 0.000072848606
3.625194 0.000072681984
3.637827 0.000072501100
3.650495 0.000072305777
3.663200 0.000072095834
3.675944 0.000071871083
3.688726 0.000071631332
3.701550 0.000071376381
3.714415 0.000071106026
3.727324 0.000070820055
3.740278 0.000070518247
3.753278 0.000070200378
3.766327 0.000069866211
3.779424 0.000069515504
3.792574 0.000069148003
3.805776 0.000068763445
3.819033 0.000068361557
3.832347 0.000067942054
3.845721 0.000067504639
3.859155 0.000067049001
3.872652 0.000066574817
3.886216 0.000066081746
3.899847 0.000065569433
3.913549 0.000065037503
3.927325 0.000064485563
3.941177 0.000063913200
3.955109 0.000063319976
3.969105 0.000062705425
3.983118 0.000062069231
3.997120 0.000061411399
4.011094 0.000060732126
4.025029 0.000060031716
4.038921 0.000059310519
4.052767 0.000058568903
4.066567 0.000057807232
4.080321 0.000057025860
4.094030 0.000056225129
4.107696 0.000055405363
4.121320 0.000054566870
4.134905 0.000053709946
4.148451 0.000052834872
4.161961 0.000051941916
4.175436 0.000051031336
4.188878 0.000050103378
4.202289 0.000049158281
4.215670 0.000048196273
4.229023 0.000047217575
4.242349 0.000046222401
4.255650 0.000045210958
4.268927 0.000044183446
4.282181 0.000043140061
4.295414 0.000042080993
4.308627 0.000041006425
4.321820 0.000039916537
4.334996 0.000038811507
4.348156 0.000037691505
4.361299 0.000036556700
4.374429 0.000035407257
4.387545 0.000034243338
4.400648 0.000033065100
4.413741 0.000031872700
4.426823 0.000030666292
4.439895 0.000029446026
4.452959 0.000028212051
4.466016 0.000026964513
4.479066 0.000025703558
4.492110 0.000024429329
4.505150 0.000023141965
4.518185 0.000021841608
4.531217 0.000020528395
4.544248 0.000019202462
4.557276 0.000017863946
4.570304 0.000016512981
4.583333 0.000015149699
4.596362 0.000013774233
4.609393 0.000012386713
4.622427 0.000010987270
4.635464 0.000009576033
4.648505 0.000008153130
4.661552 0.000006718688
4.674604 0.000005272835
4.687663 0.000003815695
4.700729 0.000002347395
4.713804 0.000000868059
4.726887 0.000000622189
4.739980 0.000002123227
4.753084 0.000003634930
4.766199 0.000005157179
4.779326 0.000006689851
4.792467 0.000008232826
4.805620 0.000009785983
4.818789 0.000011349204
4.831973 0.000012922370
4.845173 0.000014505362
4.858390 0.000016098065
4.871625 0.000017700361
4.884879 0.000019312134
4.898153 0.000020933271
4.911447 0.000022563657
4.924763 0.000024203179
4.938101 0.000025851725
4.951463 0.000027509185
4.964848 0.000029175448
4.978259 0.000030850407
4.991696 0.000032533954
5.005161 0.000034225983
5.018654 0.000035926391
5.032176 0.000037635075
5.045729 0.000039351935
5.059313 0.000041076871
5.072930 0.000042809788
5.086581 0.000044550591
5.100266 0.000046299188
5.113989 0.000048055491
5.127748 0.000049819414
5.141547 0.000051590873
5.155386 0.000053369790
5.169267 0.000055156089
5.183191 0.000056949698
5.197159 0.000058750551
5.211174 0.000060558586
5.225236 0.000062373745
5.239348 0.000064195979
5.253511 0.000066025242
5.267727 0.000067861497
5.281999 0.000069704713
5.296326 0.000071554870
5.310713 0.000073411954
5.325161 0.000075275962
5.339672 0.000077146904
5.354249 0.000079024798
5.368893 0.000080909678
5.383608 0.000082801591
5.398397 0.000084700602
5.413261 0.000086606792
5.428205 0.000088520262
5.443231 0.000090441134
5.458342 0.000092369554
5.473542 0.000094305696
5.488835 0.000096249763
5.504225 0.000098201989
5.519716 0.000100162650
5.535312 0.000102132057
5.550967 0.000104101162
5.566633 0.000106060389
5.582282 0.000108003649
5.597896 0.000109927103
5.613465 0.000111828353
5.628987 0.000113705905
5.644458 0.000115558828
5.659878 0.000117386540
5.675250 0.000119188669
5.690575 0.000120964967
5.705855 0.000122715261
5.721092 0.000124439413
5.736289 0.000126137310
5.751448 0.000127808839
5.766571 0.000129453892
5.781661 0.000131072353
5.796720 0.000132664099
5.811749 0.000134228998
5.826752 0.000135766909
5.841729 0.000137277683
5.856684 0.000138761159
5.871617 0.000140217169
5.886530 0.000141645534
5.901426 0.000143046068
5.916306 0.000144418577
5.931171 0.000145762856
5.946024 0.000147078696
5.960865 0.000148365879
5.975697 0.000149624178
5.990520 0.000150853361
6.005337 0.000152053189
6.020148 0.000153223415
6.034955 0.000154363786
6.049759 0.000155474043
6.064563 0.000156553920
6.079366 0.000157603146
6.094171 0.000158621441
6.108978 0.000159608522
6.123790 0.000160564097
6.138607 0.000161487871
6.153430 0.000162379539
6.168261 0.000163238793
6.183101 0.000164065319
6.197951 0.000164858793
6.212813 0.000165618889
6.227688 0.000166345272
6.242577 0.000167037601
6.257481 0.000167695531
6.272401 0.000168318705
6.287339 0.000168906764
6.302297 0.000169459340
6.317274 0.000169976057
6.332273 0.000170456534
6.347295 0.000170900380
6.362341 0.000171307198
6.377413 0.000171676581
6.392511 0.000172008114
6.407637 0.000172301376
6.422793 0.000172555933
6.437980 0.000172771344
6.453199 0.000172947158
6.468452 0.000173082912
6.483741 0.000173178136
6.499066 0.000173232345
6.514429 0.000173245044
6.529832 0.000173215726
6.545277 0.000173143871
6.560764 0.000173028945
6.576297 0.000172870399
6.591876 0.000172667672
6.607504 0.000172420183
6.623181 0.000172127338
6.638911 0.000171788524
6.654695 0.000171403107
6.670535 0.000170970436
6.686434 0.000170489837
6.702393 0.000169960616
6.718414 0.000169382052
6.734501 0.000168753400
6.750655 0.000168073888
6.766879 0.000167342715
6.783176 0.000166559046
6.799549 0.000165722016
6.816000 0.000164830723
6.832532 0.000163884226
6.849149 0.000162881542
6.865854 0.000161821644
6.882651 0.000160703456
6.899543 0.000159525849
6.916534 0.000158287638
6.933628 0.000156987577
6.950830 0.000155624349
6.968144 0.000154196568
6.985575 0.000152702764
7.003128 0.000151141382
7.020809 0.000149510769
7.038624 0.000147809164
7.056579 0.000146034692
7.074681 0.000144185345
7.092936 0.000142258973
7.111353 0.000140253264
7.129878 0.000138168030
7.148442 0.000136004681
7.167003 0.000133764795
7.185538 0.000131449986
7.204035 0.000129061813
7.222486 0.000126601724
7.240891 0.000124071039
7.259250 0.000121470954
7.277566 0.000118802551
7.295840 0.000116066805
7.314078 0.000113264607
7.332282 0.000110396769
7.350457 0.000107464035
7.368607 0.000104467092
7.386734 0.000101406576
7.404844 0.000098283078
7.422939 0.000095097145
7.441023 0.000091849292
7.459099 0.000088539996
7.477172 0.000085169706
7.495244 0.000081738840
7.513318 0.000078247792
7.531397 0.000074696928
7.549485 0.000071086593
7.567585 0.000067417108
7.585700 0.000063688772
7.603832 0.000059901865
7.621984 0.000056056645
7.640161 0.000052153351
7.658364 0.000048192203
7.676596 0.000044173404
7.694860 0.000040097134
7.713160 0.000035963556
7.731498 0.000031772816
7.749878 0.000027525037
7.768301 0.000023220325
7.786772 0.000018858765
7.805293 0.000014440419
7.823868 0.000009965331
7.842499 0.000005433518
7.861191 0.000000844977
7.879945 0.000003800323
7.898767 0.000008502439
7.917658 0.000013261456
7.936624 0.000018077490
7.955666 0.000022950689
7.974791 0.000027881238
7.994000 0.000032869356
8.013298 0.000037915308
8.032691 0.000043019400
8.052181 0.000048181988
8.071773 0.000053403480
8.091473 0.000058684343
8.111285 0.000064025108
8.131214 0.000069426374
8.151267 0.000074888819
8.171447 0.000080413206
8.191763 0.000086000390
8.212220 0.000091651334
8.232824 0.000097367117
8.253583 0.000103148946
8.274504 0.000108998176
8.295595 0.000114916324
8.316865 0.000120905093
8.338323 0.000126966391
8.359979 0.000133102363
8.381842 0.000139315420
8.403924 0.000145608280
8.426238 0.000151984006
8.448795 0.000158446064
8.471610 0.000164998381
8.494699 0.000171645419
8.518077 0.000178392266
8.541764 0.000185244737
8.565778 0.000192209507
8.590142 0.000199294270
8.614880 0.000206507930
8.640020 0.000213860849
8.665590 0.000221365148
8.691625 0.000229035093
8.718099 0.000236858082
8.744874 0.000244765932
8.771872 0.000252715275
8.799053 0.000260679763
8.826404 0.000268644460
8.853930 0.000276602040
8.881643 0.000284550339
8.909567 0.000292490855
8.937730 0.000300427899
8.966166 0.000308368220
8.994914 0.000316320977
9.024019 0.000324298013
9.053532 0.000332314435
9.083512 0.000340389552
9.114027 0.000348548328
9.145162 0.000356823568
9.177015 0.000365259318
9.209712 0.000373916312
9.243414 0.000382881110
9.278335 0.000392282410
9.314773 0.000402322573
9.353174 0.000413345588
9.394269 0.000426008988
9.424778 0.000431134655


0.000000 0.000000000000
0.100000 0.000000000020
0.263793 0.000000002541
0.423091 0.000000009771
0.588333 0.000000023064
0.758809 0.000000043643
0.935537 0.000000073276
1.109041 0.000000104837
1.273575 0.000000131419
1.430880 0.000000152494
1.589513 0.000000171656
1.741885 0.000000183934
1.899673 0.000000194167
2.061886 0.000000200727
2.229148 0.000000202445
2.402106 0.000000197698
2.581755 0.000000184333
2.751016 0.000000154787
2.912329 0.000000115072
3.066838 0.000000069044
3.222621 0.000000017230
3.377192 0.000000038529
3.536761 0.000000099625
3.700989 0.000000165583
3.870503 0.000000236226
4.046074 0.000000311457
4.228889 0.000000391606
4.394518 0.000000448703
4.552692 0.000000490789
4.712212 0.000000522701
4.863942 0.000000538155
5.021194 0.000000543215
5.182808 0.000000535578
5.349407 0.000000513677
5.521602 0.000000475676
5.700339 0.000000419422
5.870747 0.000000342710
6.033031 0.000000252591
6.188390 0.000000154647
6.345039 0.000000048263
6.498927 0.000000061403
6.657944 0.000000177536
6.821545 0.000000297881
6.990357 0.000000420728
7.165107 0.000000544199
7.346920 0.000000666618
7.513643 0.000000756735
7.672773 0.000000822298
7.833270 0.000000869437
7.985852 0.000000890925
8.142379 0.000000892991
8.303414 0.000000873611
8.469343 0.000000830667
8.640776 0.000000762081
8.818606 0.000000665648
8.990205 0.000000543031
9.153488 0.000000403285
9.309715 0.000000253803
9.424778 0.000000135998


0.000000 0.000000000000
0.100000 0.000000000020
0.263793 0.000000002541
0.423091 0.000000009771
0.588333 0.000000023064
0.758809 0.000000043643
0.935537 0.000000073276
1.109041 0.000000104837
1.273575 0.000000131419
1.430880 0.000000152494
1.589513 0.000000171656
1.741885 0.000000183934
1.899673 0.000000194167
2.061886 0.000000200727
2.229148 0.000000202445
2.402106 0.000000197698
2.581755 0.000000184333
2.751016 0.000000154787
2.912329 0.000000115072
3.066838 0.000000069044
3.222621 0.000000017230
3.377192 0.000000038529
3.536761 0.000000099625
3.700989 0.000000165583
3.870503 0.000000236226
4.046074 0.000000311457
4.228889 0.000000391606
4.394518 0.000000448703
4.552692 0.000000490789
4.712212 0.000000522701
4.863942 0.000000538155
5.021194 0.000000543215
5.182808 0.000000535578
5.349407 0.000000513677
5.521602 0.000000475676
5.700339 0.000000419422
5.870747 0.000000342710
6.033031 0.000000252591
6.188390 0.000000154647
6.345039 0.000000048263
6.498927 0.000000061403
6.657944 0.000000177536
6.821545 0.000000297881
6.990357 0.000000420728
7.165107 0.000000544199
7.346920 0.000000666618
7.513643 0.000000756735
7.672773 0.000000822298
7.833270 0.000000869437
7.985852 0.000000890925
8.142379 0.000000892991
8.303414 0.000000873611
8.469343 0.000000830667
8.640776 0.000000762081
8.818606 0.000000665648
8.990205 0.000000543031
9.153488 0.000000403285
9.309715 0.000000253803
9.424778 0.000000135998
