0.000000 0.000000 1.000000
0.011905 0.011905 0.999929
0.023224 0.023222 0.999730
0.034190 0.034184 0.999416
0.044942 0.044928 0.998990
0.055563 0.055536 0.998457
0.066103 0.066056 0.997816
0.076592 0.076519 0.997068
0.087052 0.086944 0.996213
0.097493 0.097341 0.995251
0.107925 0.107717 0.994182
0.118351 0.118077 0.993004
0.128774 0.128421 0.991720
0.139198 0.138752 0.990327
0.149624 0.149069 0.988827
0.160052 0.159373 0.987218
0.170484 0.169663 0.985502
0.180920 0.179938 0.983678
0.191361 0.190199 0.981746
0.201808 0.200444 0.979705
0.212259 0.210673 0.977557
0.222718 0.220885 0.975300
0.233182 0.231079 0.972935
0.243654 0.241255 0.970462
0.254133 0.251411 0.967880
0.264621 0.261548 0.965191
0.275116 0.271664 0.962392
0.285620 0.281758 0.959486
0.296134 0.291830 0.956470
0.306657 0.301879 0.953346
0.317191 0.311904 0.950114
0.327735 0.321905 0.946772
0.338290 0.331880 0.943322
0.348856 0.341829 0.939762
0.359435 0.351752 0.936093
0.370026 0.361646 0.932316
0.380630 0.371512 0.928428
0.391248 0.381349 0.924431
0.401879 0.391156 0.920325
0.412526 0.400932 0.916108
0.423187 0.410676 0.911781
0.433864 0.420388 0.907345
0.444558 0.430066 0.902797
0.455268 0.439711 0.898139
0.465996 0.449320 0.893371
0.476742 0.458894 0.888491
0.487506 0.468432 0.883500
0.498290 0.477932 0.878397
0.509093 0.487394 0.873182
0.519918 0.496817 0.867855
0.530764 0.506201 0.862416
0.541631 0.515543 0.856864
0.552522 0.524845 0.851198
0.563436 0.534103 0.845419
0.574375 0.543319 0.839526
0.585338 0.552491 0.833519
0.596328 0.561617 0.827397
0.607344 0.570698 0.821160
0.618388 0.579732 0.814807
0.629461 0.588719 0.808338
0.640563 0.597657 0.801752
0.651696 0.606546 0.795049
0.662861 0.615384 0.788227
0.674057 0.624171 0.781288
0.685288 0.632906 0.774228
0.696554 0.641588 0.767049
0.707855 0.650216 0.759749
0.719194 0.658789 0.752328
0.730571 0.667306 0.744784
0.741988 0.675765 0.737117
0.753446 0.684167 0.729325
0.764947 0.692510 0.721409
0.776492 0.700792 0.713366
0.788083 0.709014 0.705195
0.799721 0.717173 0.696896
0.811408 0.725269 0.688466
0.823126 0.733286 0.679921
0.834842 0.741202 0.671283
0.846540 0.749003 0.662566
0.858207 0.756683 0.653782
0.869838 0.764236 0.644937
0.881428 0.771659 0.636036
0.892978 0.778954 0.627082
0.904485 0.786118 0.618076
0.915951 0.793153 0.609022
0.927376 0.800060 0.599920
0.938761 0.806838 0.590773
0.950108 0.813489 0.581580
0.961417 0.820014 0.572343
0.972689 0.826414 0.563063
0.983926 0.832689 0.553741
0.995129 0.838840 0.544378
1.006299 0.844868 0.534975
1.017436 0.850774 0.525532
1.028543 0.856559 0.516050
1.039620 0.862222 0.506530
1.050667 0.867766 0.496974
1.061687 0.873190 0.487381
1.072680 0.878494 0.477753
1.083646 0.883681 0.468091
1.094587 0.888749 0.458394
1.105503 0.893700 0.448665
1.116395 0.898534 0.438904
1.127265 0.903252 0.429112
1.138112 0.907853 0.419289
1.148938 0.912339 0.409436
1.159743 0.916710 0.399554
1.170527 0.920966 0.389645
1.181293 0.925107 0.379708
1.192039 0.929134 0.369744
1.202767 0.933047 0.359755
1.213478 0.936847 0.349740
1.224172 0.940533 0.339702
1.234849 0.944107 0.329640
1.245511 0.947568 0.319556
1.256158 0.950916 0.309449
1.266789 0.954152 0.299322
1.277407 0.957277 0.289174
1.288011 0.960289 0.279007
1.298602 0.963191 0.268820
1.309181 0.965980 0.258616
1.319747 0.968659 0.248395
1.330302 0.971227 0.238157
1.340846 0.973684 0.227903
1.351379 0.976031 0.217635
1.361902 0.978267 0.207352
1.372416 0.980393 0.197055
1.382920 0.982408 0.186746
1.393415 0.984314 0.176426
1.403902 0.986110 0.166093
1.414381 0.987797 0.155751
1.424852 0.989373 0.145399
1.435317 0.990841 0.135037
1.445775 0.992199 0.124668
1.456226 0.993448 0.114291
1.466672 0.994587 0.103908
1.477112 0.995618 0.093518
1.487547 0.996539 0.083124
1.497978 0.997352 0.072725
1.508404 0.998056 0.062322
1.518826 0.998652 0.051917
1.529245 0.999138 0.041509
1.539661 0.999517 0.031100
1.550074 0.999786 0.020690
1.560485 0.999947 0.010281
1.570894 1.000000 -0.000128
1.581301 0.999945 -0.010535
1.591707 0.999781 -0.020940
1.602112 0.999509 -0.031342
1.612517 0.999129 -0.041740
1.622922 0.998640 -0.052134
1.633327 0.998044 -0.062522
1.643733 0.997339 -0.072904
1.654140 0.996527 -0.083279
1.664548 0.995606 -0.093647
1.674958 0.994577 -0.104006
1.685370 0.993440 -0.114356
1.695785 0.992195 -0.124697
1.706203 0.990842 -0.135026
1.716624 0.989381 -0.145345
1.727049 0.987812 -0.155651
1.737478 0.986135 -0.165945
1.747912 0.984350 -0.176225
1.758351 0.982457 -0.186490
1.768794 0.980456 -0.196741
1.779244 0.978346 -0.206975
1.789700 0.976129 -0.217193
1.800162 0.973803 -0.227394
1.810631 0.971369 -0.237576
1.821108 0.968827 -0.247740
1.831592 0.966176 -0.257884
1.842084 0.963417 -0.268007
1.852585 0.960550 -0.278109
1.863096 0.957574 -0.288189
1.873615 0.954489 -0.298247
1.884145 0.951296 -0.308281
1.894685 0.947994 -0.318290
1.905236 0.944583 -0.328275
1.915798 0.941063 -0.338234
1.926372 0.937433 -0.348166
1.936959 0.933695 -0.358070
1.947558 0.929847 -0.367947
1.958171 0.925890 -0.377794
1.968798 0.921823 -0.387612
1.979439 0.917646 -0.397399
1.990095 0.913359 -0.407155
2.000766 0.908963 -0.416879
2.011453 0.904455 -0.426569
2.022158 0.899837 -0.436226
2.032879 0.895109 -0.445849
2.043618 0.890269 -0.455436
2.054376 0.885318 -0.464986
2.065152 0.880256 -0.474500
2.075949 0.875082 -0.483976
2.086766 0.869795 -0.493413
2.097604 0.864397 -0.502811
2.108463 0.858885 -0.512169
2.119346 0.853261 -0.521485
2.130251 0.847523 -0.530759
2.141181 0.841671 -0.539991
2.152135 0.835706 -0.549178
2.163115 0.829625 -0.558321
2.174122 0.823430 -0.567419
2.185156 0.817119 -0.576470
2.196218 0.810692 -0.585474
2.207309 0.804148 -0.594430
2.218431 0.797487 -0.603336
2.229584 0.790709 -0.612193
2.240769 0.783812 -0.620999
2.251987 0.776796 -0.629753
2.263240 0.769660 -0.638454
2.274529 0.762404 -0.647102
2.285854 0.755027 -0.655694
2.297217 0.747527 -0.664232
2.308619 0.739905 -0.672712
2.320062 0.732158 -0.681135
2.331548 0.724287 -0.689499
2.343077 0.716290 -0.697803
2.354651 0.708165 -0.706047
2.366271 0.699913 -0.714229
2.377941 0.691531 -0.722348
2.389654 0.683022 -0.730398
2.401375 0.674414 -0.738354
2.413082 0.665724 -0.746198
2.424761 0.656964 -0.753923
2.436406 0.648140 -0.761522
2.448012 0.639258 -0.768993
2.459576 0.630322 -0.776334
2.471099 0.621335 -0.783545
2.482580 0.612298 -0.790627
2.494020 0.603214 -0.797580
2.505419 0.594082 -0.804405
2.516780 0.584906 -0.811102
2.528102 0.575685 -0.817672
2.539387 0.566420 -0.824117
2.550637 0.557113 -0.830437
2.561852 0.547765 -0.836633
2.573033 0.538376 -0.842705
2.584182 0.528947 -0.848655
2.595300 0.519479 -0.854484
2.606388 0.509973 -0.860191
2.617446 0.500430 -0.865777
2.628475 0.490850 -0.871244
2.639478 0.481235 -0.876592
2.650453 0.471585 -0.881821
2.661403 0.461901 -0.886932
2.672328 0.452183 -0.891925
2.683229 0.442434 -0.896802
2.694107 0.432652 -0.901561
2.704962 0.422840 -0.906205
2.715795 0.412998 -0.910732
2.726608 0.403127 -0.915145
2.737400 0.393227 -0.919442
2.748172 0.383300 -0.923624
2.758925 0.373346 -0.927693
2.769660 0.363366 -0.931647
2.780377 0.353361 -0.935488
2.791077 0.343331 -0.939215
2.801760 0.333277 -0.942829
2.812427 0.323201 -0.946331
2.823079 0.313102 -0.949720
2.833716 0.302982 -0.952997
2.844339 0.292842 -0.956161
2.854948 0.282681 -0.959214
2.865544 0.272502 -0.962156
2.876127 0.262304 -0.964986
2.886698 0.252089 -0.967705
2.897257 0.241857 -0.970312
2.907804 0.231609 -0.972809
2.918341 0.221345 -0.975196
2.928868 0.211068 -0.977472
2.939385 0.200776 -0.979638
2.949892 0.190472 -0.981693
2.960391 0.180155 -0.983639
2.970880 0.169827 -0.985474
2.981362 0.159488 -0.987200
2.991836 0.149139 -0.988817
3.002303 0.138781 -0.990324
3.012763 0.128414 -0.991721
3.023217 0.118040 -0.993009
3.033665 0.107659 -0.994188
3.044107 0.097272 -0.995258
3.054544 0.086879 -0.996219
3.064976 0.076482 -0.997071
3.075404 0.066080 -0.997815
3.085828 0.055676 -0.998449
3.096248 0.045269 -0.998975
3.106665 0.034860 -0.999393
3.117079 0.024451 -0.999702
3.127490 0.014041 -0.999902
3.137900 0.003632 -0.999994
3.148307 -0.006776 -0.999978
3.158714 -0.017182 -0.999853
3.169119 -0.027585 -0.999620
3.179524 -0.037985 -0.999279
3.189929 -0.048380 -0.998830
3.200334 -0.058770 -0.998272
3.210740 -0.069154 -0.997606
3.221146 -0.079532 -0.996833
3.231554 -0.089903 -0.995951
3.241963 -0.100265 -0.994961
3.252375 -0.110619 -0.993863
3.262789 -0.120963 -0.992658
3.273205 -0.131296 -0.991344
3.283625 -0.141619 -0.989922
3.294049 -0.151930 -0.988392
3.304476 -0.162228 -0.986754
3.314908 -0.172513 -0.985008
3.325345 -0.182784 -0.983154
3.335787 -0.193040 -0.981191
3.346234 -0.203280 -0.979121
3.356688 -0.213505 -0.976943
3.367148 -0.223711 -0.974656
3.377614 -0.233900 -0.972261
3.388088 -0.244071 -0.969758
3.398569 -0.254222 -0.967146
3.409059 -0.264353 -0.964427
3.419557 -0.274463 -0.961598
3.430064 -0.284551 -0.958661
3.440580 -0.294617 -0.955616
3.451106 -0.304659 -0.952462
3.461642 -0.314678 -0.949199
3.472189 -0.324671 -0.945827
3.482747 -0.334639 -0.942347
3.493317 -0.344581 -0.938757
3.503899 -0.354496 -0.935058
3.514494 -0.364383 -0.931250
3.525102 -0.374241 -0.927332
3.535723 -0.384069 -0.923305
3.546359 -0.393868 -0.919168
3.557009 -0.403635 -0.914921
3.567675 -0.413370 -0.910564
3.578357 -0.423073 -0.906096
3.589055 -0.432742 -0.901518
3.599770 -0.442377 -0.896830
3.610502 -0.451977 -0.892030
3.621253 -0.461541 -0.887120
3.632023 -0.471068 -0.882097
3.642812 -0.480558 -0.876964
3.653622 -0.490009 -0.871718
3.664452 -0.499421 -0.866360
3.675304 -0.508793 -0.860889
3.686178 -0.518125 -0.855306
3.697075 -0.527414 -0.849609
3.707995 -0.536661 -0.843798
3.718941 -0.545865 -0.837874
3.729912 -0.555024 -0.831835
3.740908 -0.564138 -0.825681
3.751932 -0.573206 -0.819412
3.762984 -0.582227 -0.813027
3.774065 -0.591200 -0.806525
3.785176 -0.600125 -0.799907
3.796317 -0.609000 -0.793171
3.807491 -0.617824 -0.786317
3.818697 -0.626597 -0.779344
3.829937 -0.635317 -0.772252
3.841212 -0.643984 -0.765039
3.852524 -0.652597 -0.757706
3.863873 -0.661155 -0.750251
3.875261 -0.669656 -0.742673
3.886690 -0.678099 -0.734971
3.898160 -0.686485 -0.727145
3.909673 -0.694811 -0.719193
3.921230 -0.703077 -0.711115
3.932834 -0.711281 -0.702909
3.944485 -0.719422 -0.694574
3.956186 -0.727500 -0.686108
3.967907 -0.735492 -0.677534
3.979621 -0.743378 -0.668873
3.991311 -0.751147 -0.660137
4.002969 -0.758791 -0.651335
4.014589 -0.766309 -0.642474
4.026168 -0.773697 -0.633557
4.037706 -0.780955 -0.624588
4.049202 -0.788084 -0.615569
4.060656 -0.795083 -0.606502
4.072070 -0.801954 -0.597387
4.083445 -0.808697 -0.588227
4.094781 -0.815313 -0.579022
4.106079 -0.821803 -0.569773
4.117342 -0.828168 -0.560481
4.128569 -0.834408 -0.551148
4.139763 -0.840525 -0.541773
4.150923 -0.846520 -0.532359
4.162052 -0.852392 -0.522905
4.173150 -0.858143 -0.513413
4.184219 -0.863773 -0.503883
4.195259 -0.869283 -0.494316
4.206271 -0.874674 -0.484714
4.217256 -0.879946 -0.475076
4.228215 -0.885099 -0.465404
4.239149 -0.890135 -0.455699
4.250059 -0.895053 -0.445960
4.260945 -0.899855 -0.436190
4.271808 -0.904540 -0.426389
4.282649 -0.909110 -0.416558
4.293469 -0.913564 -0.406697
4.304268 -0.917902 -0.396808
4.315047 -0.922126 -0.386890
4.325807 -0.926236 -0.376946
4.336549 -0.930231 -0.366975
4.347272 -0.934113 -0.356979
4.357978 -0.937881 -0.346958
4.368667 -0.941537 -0.336913
4.379340 -0.945079 -0.326845
4.389998 -0.948509 -0.316754
4.400640 -0.951826 -0.306642
4.411268 -0.955031 -0.296508
4.421882 -0.958124 -0.286355
4.432482 -0.961106 -0.276182
4.443070 -0.963976 -0.265991
4.453645 -0.966735 -0.255782
4.464208 -0.969383 -0.245556
4.474760 -0.971920 -0.235314
4.485301 -0.974347 -0.225056
4.495831 -0.976663 -0.214783
4.506351 -0.978868 -0.204496
4.516862 -0.980963 -0.194197
4.527364 -0.982949 -0.183884
4.537857 -0.984824 -0.173560
4.548341 -0.986590 -0.163225
4.558818 -0.988246 -0.152880
4.569288 -0.989792 -0.142525
4.579750 -0.991229 -0.132161
4.590206 -0.992557 -0.121790
4.600656 -0.993775 -0.111411
4.611100 -0.994885 -0.101026
4.621539 -0.995885 -0.090635
4.631973 -0.996776 -0.080239
4.642402 -0.997559 -0.069839
4.652827 -0.998233 -0.059436
4.663248 -0.998798 -0.049030
4.673666 -0.999255 -0.038621
4.684081 -0.999603 -0.028212
4.694494 -0.999842 -0.017802
4.704904 -0.999973 -0.007393
4.715312 -0.999996 0.003016
4.725719 -0.999911 0.013422
4.736125 -0.999717 0.023827
4.746530 -0.999415 0.034228
4.756935 -0.999005 0.044624
4.767340 -0.998486 0.055016
4.777745 -0.997860 0.065403
4.788151 -0.997125 0.075783
4.798558 -0.996282 0.086156
4.808967 -0.995332 0.096522
4.819378 -0.994273 0.106879
4.829791 -0.993106 0.117226
4.840207 -0.991831 0.127564
4.850625 -0.990448 0.137890
4.861048 -0.988957 0.148206
4.871474 -0.987358 0.158509
4.881904 -0.985651 0.168798
4.892339 -0.983836 0.179074
4.902779 -0.981913 0.189336
4.913224 -0.979882 0.199582
4.923676 -0.977743 0.209812
4.934133 -0.975495 0.220025
4.944597 -0.973139 0.230221
4.955068 -0.970675 0.240398
4.965547 -0.968103 0.250556
4.976033 -0.965422 0.260695
4.986528 -0.962633 0.270812
4.997032 -0.959735 0.280908
5.007544 -0.956729 0.290982
5.018067 -0.953615 0.301033
5.028599 -0.950391 0.311060
5.039142 -0.947059 0.321063
5.049696 -0.943617 0.331041
5.060262 -0.940067 0.340992
5.070840 -0.936408 0.350917
5.081430 -0.932639 0.360813
5.092033 -0.928761 0.370682
5.102649 -0.924773 0.380521
5.113280 -0.920676 0.390331
5.123925 -0.916468 0.400109
5.134585 -0.912151 0.409856
5.145261 -0.907724 0.419571
5.155953 -0.903186 0.429252
5.166662 -0.898537 0.438900
5.177388 -0.893778 0.448512
5.188132 -0.888907 0.458089
5.198895 -0.883925 0.467630
5.209677 -0.878832 0.477133
5.220479 -0.873627 0.486599
5.231302 -0.868309 0.496025
5.242146 -0.862879 0.505412
5.253011 -0.857337 0.514758
5.263900 -0.851681 0.524063
5.274812 -0.845911 0.533325
5.285749 -0.840028 0.542544
5.296710 -0.834031 0.551720
5.307697 -0.827918 0.560850
5.318711 -0.821691 0.569935
5.329753 -0.815348 0.578973
5.340823 -0.808888 0.587964
5.351923 -0.802312 0.596906
5.363053 -0.795619 0.605799
5.374215 -0.788808 0.614642
5.385409 -0.781878 0.623433
5.396637 -0.774829 0.632173
5.407900 -0.767660 0.640859
5.419198 -0.760370 0.649491
5.430534 -0.752959 0.658069
5.441908 -0.745425 0.666590
5.453321 -0.737769 0.675055
5.464776 -0.729988 0.683462
5.476273 -0.722081 0.691809
5.487814 -0.714049 0.700097
5.499401 -0.705889 0.708324
5.511035 -0.697601 0.716488
5.522718 -0.689182 0.724589
5.534434 -0.680646 0.732614
5.546152 -0.672014 0.740539
5.557852 -0.663304 0.748351
5.569522 -0.654526 0.756041
5.581156 -0.645686 0.763604
5.592750 -0.636789 0.771039
5.604303 -0.627839 0.778345
5.615814 -0.618838 0.785520
5.627283 -0.609788 0.792566
5.638712 -0.600690 0.799483
5.650100 -0.591546 0.806272
5.661450 -0.582357 0.812934
5.672762 -0.573124 0.819470
5.684037 -0.563848 0.825880
5.695277 -0.554529 0.832165
5.706483 -0.545169 0.838327
5.717655 -0.535769 0.844366
5.728796 -0.526329 0.850282
5.739905 -0.516851 0.856077
5.750984 -0.507335 0.861750
5.762034 -0.497781 0.867304
5.773056 -0.488191 0.872738
5.784051 -0.478566 0.878052
5.795019 -0.468907 0.883249
5.805962 -0.459213 0.888327
5.816881 -0.449487 0.893288
5.827775 -0.439728 0.898132
5.838646 -0.429938 0.902859
5.849496 -0.420118 0.907471
5.860323 -0.410268 0.911966
5.871130 -0.400389 0.916346
5.881916 -0.390481 0.920612
5.892683 -0.380546 0.924763
5.903431 -0.370585 0.928800
5.914161 -0.360598 0.932722
5.924873 -0.350586 0.936532
5.935568 -0.340549 0.940228
5.946247 -0.330489 0.943811
5.956910 -0.320407 0.947281
5.967558 -0.310302 0.950639
5.978191 -0.300176 0.953885
5.988810 -0.290030 0.957018
5.999415 -0.279865 0.960040
6.010007 -0.269680 0.962951
6.020587 -0.259477 0.965750
6.031154 -0.249257 0.968438
6.041710 -0.239021 0.971015
6.052255 -0.228768 0.973482
6.062789 -0.218501 0.975838
6.073312 -0.208219 0.978083
6.083827 -0.197924 0.980218
6.094331 -0.187616 0.982243
6.104827 -0.177296 0.984159
6.115315 -0.166965 0.985964
6.125795 -0.156623 0.987659
6.136267 -0.146272 0.989245
6.146732 -0.135911 0.990722
6.157190 -0.125543 0.992089
6.167642 -0.115166 0.993347
6.178088 -0.104783 0.994496
6.188529 -0.094395 0.995536
6.198964 -0.084000 0.996467
6.209395 -0.073602 0.997289
6.219822 -0.063200 0.998002
6.230245 -0.052794 0.998606
6.240664 -0.042387 0.999102
6.251080 -0.031978 0.999490
6.261493 -0.021568 0.999768
6.271904 -0.011158 0.999939
6.282313 -0.000749 1.000001
6.292721 0.009658 0.999954
6.303127 0.020063 0.999800
6.313532 0.030465 0.999537
6.323937 0.040864 0.999166
6.334342 0.051258 0.998686
6.344747 0.061646 0.998099
6.355152 0.072029 0.997404
6.365559 0.082405 0.996600
6.375967 0.092773 0.995688
6.386377 0.103133 0.994669
6.396789 0.113484 0.993541
6.407204 0.123825 0.992305
6.417622 0.134156 0.990961
6.428043 0.144476 0.989509
6.438467 0.154783 0.987950
6.448896 0.165078 0.986282
6.459329 0.175359 0.984506
6.469767 0.185626 0.982622
6.480211 0.195877 0.980629
6.490660 0.206113 0.978529
6.501115 0.216333 0.976321
6.511577 0.226535 0.974004
6.522045 0.236719 0.971579
6.532521 0.246884 0.969046
6.543005 0.257029 0.966405
6.553496 0.267155 0.963655
6.563997 0.277259 0.960796
6.574506 0.287341 0.957830
6.585025 0.297400 0.954754
6.595554 0.307436 0.951570
6.606093 0.317448 0.948277
6.616643 0.327434 0.944875
6.627204 0.337395 0.941364
6.637777 0.347330 0.937744
6.648363 0.357237 0.934015
6.658961 0.367115 0.930177
6.669573 0.376965 0.926228
6.680198 0.386786 0.922171
6.690838 0.396575 0.918003
6.701493 0.406334 0.913726
6.712163 0.416060 0.909338
6.722849 0.425754 0.904840
6.733551 0.435414 0.900232
6.744271 0.445039 0.895512
6.755009 0.454629 0.890682
6.765765 0.464183 0.885741
6.776540 0.473700 0.880688
6.787335 0.483179 0.875523
6.798150 0.492620 0.870246
6.808986 0.502021 0.864857
6.819844 0.511382 0.859355
6.830724 0.520702 0.853740
6.841628 0.529979 0.848012
6.852555 0.539214 0.842170
6.863507 0.548406 0.836214
6.874485 0.557553 0.830143
6.885490 0.566654 0.823957
6.896521 0.575709 0.817656
6.907581 0.584717 0.811239
6.918670 0.593677 0.804705
6.929789 0.602588 0.798054
6.940939 0.611449 0.791285
6.952122 0.620259 0.784399
6.963337 0.629017 0.777393
6.974587 0.637723 0.770267
6.985872 0.646375 0.763021
6.997194 0.654973 0.755654
7.008554 0.663514 0.748165
7.019953 0.672000 0.740553
7.031393 0.680428 0.732817
7.042875 0.688797 0.724956
7.054400 0.697106 0.716970
7.065970 0.705355 0.708856
7.077587 0.713542 0.700614
7.089252 0.721666 0.692243
7.100964 0.729724 0.683743
7.112686 0.737689 0.675142
7.124395 0.745544 0.666458
7.136078 0.753279 0.657703
7.147726 0.760889 0.648884
7.159335 0.768370 0.640007
7.170903 0.775723 0.631076
7.182429 0.782945 0.622093
7.193914 0.790038 0.613060
7.205357 0.797001 0.603979
7.216760 0.803837 0.594852
7.228123 0.810545 0.585679
7.239449 0.817126 0.576462
7.250737 0.823581 0.567201
7.261990 0.829911 0.557898
7.273208 0.836117 0.548553
7.284392 0.842200 0.539167
7.295544 0.848161 0.529741
7.306664 0.853999 0.520277
7.317754 0.859716 0.510774
7.328815 0.865313 0.501234
7.339847 0.870790 0.491657
7.350851 0.876148 0.482045
7.361829 0.881387 0.472397
7.372781 0.886508 0.462716
7.383708 0.891511 0.453002
7.394611 0.896397 0.443255
7.405491 0.901167 0.433476
7.416348 0.905820 0.423666
7.427183 0.910357 0.413827
7.437997 0.914779 0.403958
7.448790 0.919086 0.394061
7.459564 0.923278 0.384136
7.470319 0.927356 0.374184
7.481055 0.931320 0.364206
7.491774 0.935170 0.354203
7.502475 0.938907 0.344175
7.513160 0.942531 0.334123
7.523828 0.946042 0.324049
7.534482 0.949440 0.313952
7.545120 0.952726 0.303834
7.555744 0.955900 0.293695
7.566354 0.958963 0.283536
7.576951 0.961914 0.273358
7.587535 0.964753 0.263162
7.598107 0.967481 0.252948
7.608667 0.970098 0.242718
7.619215 0.972605 0.232471
7.629753 0.975000 0.222209
7.640281 0.977286 0.211932
7.650798 0.979461 0.201642
7.661306 0.981525 0.191338
7.671806 0.983480 0.181023
7.682296 0.985325 0.170695
7.692779 0.987060 0.160357
7.703253 0.988686 0.150009
7.713721 0.990202 0.139652
7.724182 0.991609 0.129286
7.734636 0.992906 0.118913
7.745084 0.994094 0.108532
7.755527 0.995173 0.098145
7.765964 0.996144 0.087753
7.776396 0.997005 0.077356
7.786824 0.997757 0.066955
7.797249 0.998401 0.056550
7.807669 0.998936 0.046144
7.818086 0.999363 0.035735
7.828500 0.999681 0.025325
7.838912 0.999890 0.014916
7.849322 0.999991 0.004506
7.859730 0.999984 -0.005902
7.870136 0.999868 -0.016308
7.880542 0.999644 -0.026711
7.890947 0.999312 -0.037111
7.901352 0.998872 -0.047507
7.911756 0.998324 -0.057897
7.922162 0.997667 -0.068282
7.932568 0.996903 -0.078660
7.942976 0.996030 -0.089031
7.953385 0.995049 -0.099395
7.963796 0.993961 -0.109749
7.974210 0.992764 -0.120094
7.984627 0.991459 -0.130428
7.995046 0.990046 -0.140752
8.005470 0.988525 -0.151064
8.015897 0.986896 -0.161363
8.026328 0.985159 -0.171649
8.036765 0.983314 -0.181921
8.047206 0.981361 -0.192179
8.057653 0.979300 -0.202421
8.068106 0.977131 -0.212646
8.078565 0.974853 -0.222854
8.089031 0.972467 -0.233045
8.099504 0.969973 -0.243217
8.109985 0.967371 -0.253370
8.120474 0.964660 -0.263502
8.130971 0.961841 -0.273614
8.141477 0.958913 -0.283704
8.151993 0.955877 -0.293772
8.162518 0.952732 -0.303816
8.173053 0.949478 -0.313837
8.183599 0.946116 -0.323833
8.194156 0.942644 -0.333803
8.204725 0.939064 -0.343747
8.215306 0.935374 -0.353664
8.225900 0.931575 -0.363553
8.236506 0.927666 -0.373413
8.247127 0.923648 -0.383245
8.257761 0.919520 -0.393045
8.268411 0.915283 -0.402815
8.279075 0.910935 -0.412553
8.289755 0.906477 -0.422259
8.300452 0.901908 -0.431931
8.311165 0.897229 -0.441569
8.321897 0.892439 -0.451172
8.332646 0.887537 -0.460739
8.343414 0.882525 -0.470269
8.354202 0.877400 -0.479762
8.365009 0.872164 -0.489217
8.375838 0.866815 -0.498632
8.386688 0.861354 -0.508008
8.397560 0.855780 -0.517342
8.408455 0.850093 -0.526635
8.419374 0.844292 -0.535886
8.430317 0.838377 -0.545093
8.441285 0.832348 -0.554256
8.452280 0.826204 -0.563374
8.463302 0.819944 -0.572446
8.474351 0.813569 -0.581471
8.485430 0.807077 -0.590448
8.496538 0.800468 -0.599377
8.507677 0.793742 -0.608256
8.518847 0.786898 -0.617085
8.530050 0.779936 -0.625862
8.541288 0.772853 -0.634587
8.552560 0.765651 -0.643258
8.563869 0.758328 -0.651876
8.575215 0.750883 -0.660438
8.586600 0.743315 -0.668944
8.598024 0.735624 -0.677392
8.609491 0.727808 -0.685783
8.621000 0.719867 -0.694114
8.632554 0.711800 -0.702385
8.644154 0.703604 -0.710594
8.655801 0.695280 -0.718741
8.667498 0.686825 -0.726824
8.679217 0.678260 -0.734824
8.690932 0.669606 -0.742719
8.702624 0.660875 -0.750497
8.714285 0.652079 -0.758153
8.725908 0.643223 -0.765681
8.737491 0.634311 -0.773080
8.749032 0.625346 -0.780349
8.760532 0.616332 -0.787489
8.771990 0.607268 -0.794499
8.783407 0.598158 -0.801380
8.794785 0.589001 -0.808134
8.806124 0.579800 -0.814761
8.817425 0.570554 -0.821262
8.828691 0.561266 -0.827637
8.839921 0.551936 -0.833888
8.851117 0.542565 -0.840015
8.862281 0.533154 -0.846020
8.873413 0.523703 -0.851902
8.884513 0.514214 -0.857663
8.895584 0.504688 -0.863304
8.906627 0.495124 -0.868824
8.917641 0.485524 -0.874225
8.928628 0.475890 -0.879507
8.939590 0.466221 -0.884670
8.950526 0.456518 -0.889716
8.961437 0.446783 -0.894644
8.972325 0.437015 -0.899456
8.983190 0.427217 -0.904151
8.994033 0.417388 -0.908730
9.004855 0.407530 -0.913194
9.015656 0.397643 -0.917542
9.026437 0.387728 -0.921776
9.037198 0.377785 -0.925895
9.047941 0.367817 -0.929900
9.058666 0.357823 -0.933791
9.069373 0.347804 -0.937569
9.080064 0.337760 -0.941234
9.090738 0.327694 -0.944785
9.101397 0.317605 -0.948225
9.112041 0.307495 -0.951551
9.122670 0.297363 -0.954766
9.133285 0.287212 -0.957869
9.143886 0.277041 -0.960860
9.154475 0.266851 -0.963739
9.165051 0.256643 -0.966508
9.175615 0.246419 -0.969165
9.186168 0.236178 -0.971711
9.196710 0.225921 -0.974147
9.207241 0.215650 -0.976472
9.217762 0.205364 -0.978687
9.228274 0.195065 -0.980792
9.238776 0.184754 -0.982786
9.249270 0.174431 -0.984671
9.259755 0.164096 -0.986446
9.270232 0.153752 -0.988111
9.280703 0.143398 -0.989667
9.291166 0.133035 -0.991113
9.301622 0.122664 -0.992450
9.312072 0.112286 -0.993677
9.322517 0.101901 -0.994796
9.332956 0.091511 -0.995806
9.343390 0.081116 -0.996706
9.353820 0.070716 -0.997498
9.364246 0.060313 -0.998181
9.374667 0.049907 -0.998755
9.385085 0.039499 -0.999221
9.395501 0.029089 -0.999578
9.405913 0.018680 -0.999827
9.416324 0.008270 -0.999967
9.424778 -0.000184 -1.000001
