Problem A1
Random tall matrix A with random dimensions
A = 
      6.62       2.02       8.57 
      5.24       7.69       7.23 
      7.16      0.816       9.01 
      1.27       9.36       3.89 
      7.43       4.93       8.66 
      1.53       5.94       5.75 
      6.26       6.57      0.883 
      9.23       5.46        2.3 
Q = 
     0.378     -0.209       0.34 
     0.299      0.345      0.177 
     0.409     -0.342      0.372 
    0.0727      0.713     0.0878 
     0.425    -0.0114      0.226 
    0.0876      0.411       0.33 
     0.358      0.194       -0.5 
     0.528      -0.07     -0.544 
R = 
      17.5       11.9       15.1 
         0       11.9       2.68 
         0          0       10.1 
Q^T Q = 
         1   2.29e-16   1.67e-16 
  2.29e-16          1   2.08e-17 
  1.67e-16   2.08e-17          1 
Q*R-A
         0          0          0 
         0          0          0 
         0  -4.44e-16          0 
         0          0          0 
         0          0          0 
         0          0          0 
 -8.88e-16          0   3.33e-16 
         0          0   4.44e-16 
R Size1: 3, Size2: 3
Problem A2
Random square matrix A:
A = 
      4.54       1.39       5.54       6.31      0.226       1.67       4.01       1.32       4.58       7.52       5.18       2.02 
      2.85       1.95       2.27       4.87       1.05       4.53       3.77       9.85        3.3       8.99       4.44       7.14 
      6.15       4.98       7.22       7.86        9.3          3       7.62       6.61       4.01       5.55      0.251       2.58 
      5.17       9.49       0.14       3.62       8.67       5.51       1.56       7.03       7.63       5.95       7.74       2.02 
      5.56       7.75       4.35       5.43       8.32       6.86       3.11       5.55       6.95        8.4      0.165       5.24 
      4.45       6.15       2.01       1.58        9.9       8.57       8.01       7.31        1.7       9.69        9.7       1.57 
      4.39      0.156       1.17       7.78       7.43       7.41       9.51      0.202       7.24        5.2        2.3       1.56 
      8.66       2.19       8.29       7.14       2.43        4.7       5.63       6.77       9.32        4.9       9.17       2.52 
       3.5       9.98       7.12       9.06       7.94      0.438      0.323       5.86       8.05       2.78       1.04       8.16 
      5.69       5.33       8.12       9.54       8.89       9.96       8.01       9.25       3.85      0.456       2.92       7.71 
     0.281      0.868       4.87          7       4.07       2.93       2.25        9.5      0.988       8.65       4.29       7.45 
     0.283      0.453       2.27        6.8       4.87       6.44       3.51       5.87       1.15      0.129       1.45        7.1 
Random vector b:
b =       2.54       1.05       4.41       3.81      0.746        3.6       2.63       4.82      0.334       4.62      0.997       1.35 
Solution x =      0.407      0.145      -0.17      0.671    -0.0963       0.11    -0.0444      0.271     -0.364     -0.126      0.144     -0.628 
A*x-b =  -1.91e-14  -3.33e-15  -1.24e-14  -1.07e-14    9.1e-15   4.44e-15   6.66e-15   8.88e-15   2.33e-15   3.55e-15   1.14e-14  -1.11e-14 
