0 0 0
0.0210139976828749 -4.50710691598383E-08 0.000220785924425537
0.0420279953657497 0.000461195749025691 0.000883046204853133
0.0630419930486246 0.00138296619762414 0.00198648840578652
0.0840559907314995 0.00276430605263589 0.00353062527821268
0.105069988414374 0.00460405125357819 0.00551477497475827
0.126083986097249 0.00690083415248663 0.00793806135077324
0.147097983780124 0.00965308389457402 0.0107994143512122
0.168111981462999 0.0128590269284419 0.0140975704831406
0.189125979145874 0.0165166876455294 0.0178310733736574
0.210139976828749 0.0206238891483881 0.0219982744129887
0.231153974511624 0.0251782541472901 0.0265973334824668
0.252167972194498 0.0301772059845585 0.0316262197670757
0.273181969877373 0.0356179697859349 0.0370827126522008
0.294195967560248 0.0414975737381993 0.0429644027041906
0.315209965243123 0.0478128504921585 0.0492686927342945
0.336223962925998 0.0545604386900384 0.0559927989455082
0.357237960608873 0.0617367846162232 0.0631337521618203
0.378251958291748 0.0693381439701986 0.0706883991393163
0.399265955974622 0.0773605837604529 0.0786534039585631
0.420279953657497 0.0857999843180244 0.0870252494976566
0.441293951340372 0.0946520414282833 0.0958002389852834
0.462307949023247 0.103912268579445 0.104974497633112
0.483321946706122 0.113575999326239 0.11454397434679
0.504335944388997 0.123638389767042 0.124504443514792
0.525349942071872 0.134094421132742 0.134851506874332
0.546363939754747 0.144938902485443 0.145580595453512
0.567377937437621 0.156166473525097 0.156686971588851
0.588391935120496 0.167771607501994 0.168165731017306
0.609405932803371 0.179748614232996 0.180011805041854
0.630419930486246 0.192091643219255 0.192219962769685
0.651433928169121 0.204794686863093 0.204784813422021
0.672447925851996 0.217851583781577 0.217700808714529
0.693461923534871 0.231256022214239 0.230962245307287
0.714475921217746 0.245001543522258 0.244563267323221
0.73548991890062 0.259081545776309 0.258497868933893
0.756503916583495 0.27348928743015 0.272759897011507
0.77751791426637 0.288217891076886 0.287343053845956
0.798531911949245 0.303260347284719 0.302240899925715
0.81954590963212 0.318609518508839 0.317446856781346
0.840559907314995 0.33425814307596 0.332954209890367
0.86157390499787 0.350198839237844 0.348756111642195
0.882587902680745 0.366424109290018 0.364845584361859
0.903601900363619 0.382926343751665 0.381215523391142
0.924615898046494 0.399697825602561 0.397858700225801
0.945629895729369 0.41673073457268 0.414767765707471
0.966643893412244 0.434017151479957 0.431935253268844
0.987657891095119 0.451549062611478 0.449353582230699
1.00867188877799 0.469318364143165 0.467015061149311
1.02968588646087 0.487316866592859 0.484911891212782
1.05069988414374 0.505536299301466 0.50303616968477
1.07171388182662 0.523968314936663 0.521379893394123
1.09272787950949 0.542604494013427 0.539934962268848
1.11374187719237 0.561436349425513 0.558693182912875
1.13475587487524 0.580455330981743 0.577646272224033
1.15576987255812 0.59965282994086 0.596785861051635
1.17678387024099 0.619020183538466 0.616103497892055
1.19779786792387 0.638548679499451 0.635590652620678
1.21881186560674 0.658229560529144 0.655238720258563
1.23982586328962 0.678054028776295 0.675039024772155
1.26083986097249 0.698013250260914 0.694982822904382
1.28185385865537 0.71809835925986 0.715061308035432
1.30286785633824 0.738300462643066 0.7352656140715
1.32388185402112 0.758610644153235 0.755586819359818
1.34489585170399 0.779019968621831 0.776015950628195
1.36590984938687 0.799519486114282 0.796543986947366
1.38692384706974 0.82010023599732 0.817161863714381
1.40793784475262 0.840753250921583 0.837860476655275
1.42895184243549 0.861469560712717 0.858630685845265
1.44996584011837 0.882240196164445 0.879463319744677
1.47097983780124 0.903056192727373 0.900349179248843
1.49199383548412 0.923908594087553 0.921279041750169
1.51300783316699 0.944788455629274 0.942243665210572
1.53402183084987 0.965686847776923 0.96323379224251
1.55503582853274 0.986594859211282 0.984240154196784
1.57604982621562 1.00750359995615 1.00525347525531
1.59706382389849 1.02840420433178 1.02626447652705
1.61807782158137 1.04928783377233 1.04726388014533
1.63909181926424 1.07014567950515 1.06824241336467
1.66010581694711 1.09096896509059 1.08919081265537
1.68111981462999 1.11174894882177 1.11009982779403
1.70213381231286 1.13247692598466 1.13096022594817
1.72314780999574 1.15314423097973 1.15176279575321
1.74416180767861 1.17374223930732 1.17249835137995
1.76517580536149 1.19426236941997 1.19315773659074
1.78618980304436 1.21469608444591 1.21373182878267
1.80720380072724 1.23503489378891 1.2342115430158
1.82821779841011 1.25527035461079 1.25458783602486
1.84923179609299 1.27539407320393 1.27485171021248
1.87024579377586 1.29539770626219 1.29499421762225
1.89125979145874 1.31527296205959 1.31500646388995
1.91227378914161 1.33501160154727 1.33487961217099
1.93328778682449 1.35460543938003 1.35460488704254
1.95430178450736 1.37404634488488 1.3741735783785
1.97531578219024 1.39332624298475 1.39357704519567
1.99632977987311 1.41243711509136 1.41280671946933
2.01734377755599 1.43137099998212 1.43185410991666
2.03835777523886 1.45011999467623 1.45071080574623
2.05937177292174 1.4686762553261 1.46936848037201
2.08038577060461 1.48703199814036 1.48781889509013
2.10139976828749 1.50517950035509 1.50605390271683
2.12241376597036 1.5231111012702 1.52406545118609
2.14342776365324 1.54081920336779 1.54184558710516
2.16444176133611 1.55829627352931 1.55938645926653
2.18545575901899 1.57553484436801 1.57668032211487
2.20646975670186 1.59252751569295 1.59371953916717
2.22748375438474 1.60926695611999 1.61049658638486
2.24849775206761 1.62574590484471 1.62700405549619
2.26951174975049 1.64195717359122 1.64323465726749
2.29052574743336 1.65789364874983 1.65918122472194
2.31153974511624 1.6735482937152 1.67483671630426
2.33255374279911 1.6889141514355 1.69019421899009
2.35356774048199 1.70398434718132 1.70524695133857
2.37458173816486 1.71875209154178 1.71998826648685
2.39559573584773 1.73321068365309 1.73441165508515
2.41660973353061 1.74735351466335 1.7485107481711
2.43762373121349 1.76117407143521 1.76227931998209
2.45863772889636 1.77466594048582 1.77571129070442
2.47965172657923 1.78782281216164 1.78880072915794
2.50066572426211 1.80063848504327 1.8015418554151
2.52167972194498 1.81310687057326 1.81392904335324
2.54269371962786 1.82522199789768 1.82595682313887
2.56370771731073 1.83697801890992 1.83761988364304
2.58472171499361 1.84836921348303 1.84891307478655
2.60573571267648 1.85938999487463 1.85983140981412
2.62674971035936 1.87003491528647 1.87037006749635
2.64776370804223 1.88029867155849 1.8805243942587
2.66877770572511 1.89017611097565 1.89028990623631
2.68979170340798 1.89966223716355 1.89966229125402
2.71080570109086 1.90875221604785 1.90863741073043
2.73181969877373 1.91744138185041 1.91721130150545
2.75283369645661 1.92572524309428 1.92538017759028
2.77384769413948 1.93359948858846 1.9331404318392
2.79486169182236 1.94105999336237 1.9404886375424
2.81587568950523 1.94810282451958 1.94742154993909
2.83688968718811 1.95472424697989 1.95393610765034
2.85790368487098 1.9609207290786 1.96002943403084
2.87891768255386 1.96668894799222 1.96569883843921
2.89993168023673 1.97202579495995 1.97094181742605
2.92094567791961 1.97692838027121 1.97575605583945
2.94195967560248 1.98139403799006 1.98013942784724
2.96297367328536 1.98542033038883 1.98408999787575
2.98398767096823 1.98900505206447 1.98760602146446
3.00500166865111 1.99214623371281 1.99068594603633
3.02601566633398 1.99484214553776 1.99332841158338
3.04702966401686 1.99709130027456 1.99553225126722
3.06804366169973 1.99889245580837 1.99729649193427
3.08905765938261 2.00024461737197 1.99862035454552
3.11007165706548 2.0011470393088 1.99950325452052
3.13108565474836 2.00159922639034 1.99994480199548
3.15209965243123 2.00160093467951 1.99994480199548
3.17311365011411 2.00115217193483 1.99950325452052
3.19412764779698 2.00025319755257 1.99862035454552
3.21514164547986 1.99890452204764 1.99729649193427
3.23615564316273 1.99710690607625 1.99553225126722
3.2571696408456 1.99486135900685 1.99332841158338
3.27818363852848 1.9921691370482 1.99068594603633
3.29919763621135 1.98903174094658 1.98760602146446
3.32021163389423 1.98545091326643 1.98408999787575
3.3412256315771 1.98142863527159 1.98013942784724
3.36223962925998 1.97696712342635 1.97575605583945
3.38325362694285 1.97206882553785 1.97094181742605
3.40426762462573 1.96673641656345 1.96569883843921
3.4252816223086 1.96097279410823 1.96002943403084
3.44629561999148 1.95478107363964 1.95393610765034
3.46730961767435 1.94816458344728 1.94742154993909
3.48832361535723 1.94112685937735 1.9404886375424
3.5093376130401 1.93367163937158 1.9331404318392
3.53035161072298 1.9258028578415 1.92538017759028
3.55136560840585 1.91752463990898 1.91721130150545
3.57237960608873 1.908841295544 1.90863741073043
3.5933936037716 1.8997573136306 1.89966229125402
3.61440760145448 1.89027735599134 1.89028990623631
3.63542159913735 1.88040625140005 1.8805243942587
3.65643559682023 1.87014898961162 1.87037006749636
3.6774495945031 1.85951071543654 1.85983140981412
3.69846359218598 1.8484967228867 1.84891307478655
3.71947758986885 1.83711244941706 1.83761988364304
3.74049158755173 1.82536347028668 1.82595682313887
3.7615055852346 1.81325549306032 1.81392904335324
3.78251958291748 1.80079435227017 1.8015418554151
3.80353358060035 1.78798600425503 1.78880072915794
3.82454757828323 1.77483652219227 1.77571129070442
3.8455615759661 1.76135209133578 1.76227931998209
3.86657557364898 1.74753900447046 1.7485107481711
3.88758957133185 1.73340365759227 1.73441165508515
3.90860356901473 1.71895254581983 1.71998826648685
3.9296175666976 1.70419225954199 1.70524695133857
3.95063156438048 1.68912948080313 1.69019421899009
3.97164556206335 1.67377097992616 1.67483671630426
3.99265955974623 1.65812361237092 1.65918122472194
4.0136735574291 1.64219431582384 1.64323465726749
4.03468755511197 1.62599010751281 1.62700405549619
4.05570155279485 1.60951808173959 1.61049658638486
4.07671555047772 1.59278540762032 1.59371953916717
4.0977295481606 1.57579932702341 1.57668032211487
4.11874354584347 1.55856715269267 1.55938645926653
4.13975754352635 1.54109626654239 1.54184558710516
4.16077154120922 1.52339411811021 1.52406545118609
4.1817855388921 1.50546822315254 1.50605390271683
4.20279953657497 1.48732616236691 1.48781889509013
4.22381353425785 1.46897558022479 1.46936848037201
4.24482753194072 1.45042418389844 1.45071080574623
4.2658415296236 1.43167974226474 1.43185410991666
4.28685552730647 1.41275008496922 1.41280671946933
4.30786952498935 1.39364310153339 1.39357704519567
4.32888352267222 1.37436674048881 1.3741735783785
4.3498975203551 1.35492900852158 1.35460488704254
4.37091151803797 1.33533796961153 1.33487961217099
4.39192551572085 1.31560174415081 1.31500646388995
4.41293951340372 1.29572850802735 1.29499421762225
4.4339535110866 1.27572649165931 1.27485171021248
4.45496750876947 1.2556039789677 1.25458783602486
4.47598150645235 1.2353693062748 1.2342115430158
4.49699550413522 1.21503086111758 1.21373182878267
4.5180095018181 1.19459708096558 1.19315773659074
4.53902349950097 1.17407645183438 1.17249835137995
4.56003749718385 1.15347750678651 1.15176279575322
4.58105149486672 1.13280882431252 1.13096022594817
4.6020654925496 1.11207902658655 1.11009982779403
4.62307949023247 1.09129677759116 1.08919081265537
4.64409348791535 1.07047078110757 1.06824241336467
4.66510748559822 1.04960977856849 1.04726388014533
4.6861214832811 1.02872254677142 1.02626447652705
4.70713548096397 1.0078178954515 1.00525347525531
4.72814947864685 0.98690466471389 0.984240154196784
4.74916347632972 0.965991722326236 0.96323379224251
4.7701774740126 0.945087960872946 0.942243665210572
4.79119147169547 0.924202294773527 0.92127904175017
4.81220546937834 0.903343657167987 0.900349179248844
4.83321946706122 0.88252099667299 0.879463319744677
4.8542334647441 0.861743274012977 0.858630685845265
4.87524746242697 0.841019458531043 0.837860476655275
4.89626146010985 0.820358524584815 0.81716186371438
4.91727545779272 0.799769447832976 0.796543986947367
4.93828945547559 0.77926120141847 0.776015950628196
4.95930345315847 0.758842752054699 0.755586819359819
4.98031745084134 0.738523056021287 0.735265614071501
5.00133144852422 0.718311055076204 0.715061308035432
5.02234544620709 0.698215672291164 0.694982822904383
5.04335944388997 0.67824580781737 0.675039024772155
5.06437344157284 0.658410334588695 0.655238720258563
5.08538743925572 0.638718093969472 0.635590652620679
5.10640143693859 0.619177891354026 0.616103497892055
5.12741543462147 0.599798491725066 0.596785861051635
5.14842943230434 0.580588615177967 0.577646272224033
5.16944342998722 0.561556932417922 0.558693182912875
5.19045742767009 0.542712060236788 0.539934962268848
5.21147142535297 0.524062556976342 0.521379893394124
5.23248542303584 0.505616917984522 0.503036169684771
5.25349942071872 0.487383571071025 0.484911891212782
5.27451341840159 0.469370871968509 0.467015061149311
5.29552741608447 0.451587099805446 0.449353582230699
5.31654141376734 0.43404045259644 0.431935253268844
5.33755541145022 0.416739042755716 0.414767765707471
5.35856940913309 0.399690892639209 0.397858700225801
5.37958340681597 0.382903930120513 0.381215523391142
5.40059740449884 0.366385984205772 0.364845584361859
5.42161140218172 0.350144780692365 0.348756111642196
5.44262539986459 0.334187937876064 0.332954209890368
5.46363939754747 0.318522962311146 0.317446856781346
5.48465339523034 0.303157244627765 0.302240899925715
5.50566739291322 0.288098055410704 0.287343053845956
5.52668139059609 0.273352541143434 0.272759897011507
5.54769538827897 0.258927720221292 0.258497868933893
5.56870938596184 0.244830479037367 0.244563267323221
5.58972338364472 0.231067568144566 0.230962245307287
5.61073738132759 0.217645598497183 0.217700808714529
5.63175137901047 0.204571037775128 0.204784813422021
5.65276537669334 0.191850206793859 0.192219962769685
5.67377937437622 0.179489276002926 0.180011805041854
5.69479337205909 0.167494262075903 0.168165731017306
5.71580736974196 0.155871024594379 0.156686971588851
5.73682136742484 0.144625262828545 0.145580595453511
5.75783536510771 0.133762512616831 0.134851506874332
5.77884936279059 0.123288143346918 0.124504443514792
5.79986336047346 0.113207355040359 0.11454397434679
5.82087735815634 0.103525175542945 0.104974497633113
5.84189135583921 0.0942464578228669 0.0958002389852837
5.86290535352209 0.0853758773785881 0.0870252494976567
5.88391935120496 0.076917929758325 0.0786534039585634
5.90493334888784 0.0688769281928639 0.0706883991393165
5.92594734657071 0.0612570013434178 0.0631337521618204
5.94696134425359 0.0540620911660939 0.0559927989455083
5.96797534193646 0.0472959508944936 0.0492686927342946
5.98898933961934 0.0409621431418438 0.0429644027041906
6.01000333730221 0.035064038124002 0.0370827126522008
6.03101733498509 0.0296048120045676 0.0316262197670757
6.05203133266796 0.0245874453632618 0.0265973334824668
6.07304533035084 0.0200147217886398 0.0219982744129887
6.09405932803371 0.0158892265961091 0.0178310733736576
6.11507332571659 0.012213345672143 0.0140975704831408
6.13608732339946 0.00898926444548618 0.0107994143512123
6.15710132108234 0.00621896698604783 0.00793806135077335
6.17811531876521 0.00390423523209603 0.00551477497475827
6.19912931644809 0.00204664834626965 0.00353062527821268
6.22014331413096 0.000647582200809722 0.00198648840578652
6.24115731181384 -0.000291791007655988 0.000883046204853133
6.26217130949671 -0.000770503013563755 0.000220785924425537
6.28318530717959 -0.000787789607981886 0
