0 1.04589591623815 1
0.0210139976828749 1.04464520202203 0.999779214075574
0.0420279953657497 1.04293260622187 0.999116953795147
0.0630419930486246 1.04075810881022 0.998013511594213
0.0840559907314995 1.0381219838893 0.996469374721787
0.105069988414374 1.03502479967097 0.994485225025242
0.126083986097249 1.03146741822735 0.992061938649227
0.147097983780124 1.02745099501465 0.989200585648788
0.168111981462999 1.0229769781727 0.985902429516859
0.189125979145874 1.01804710760307 0.982168926626343
0.210139976828749 1.01266341382846 0.978001725587011
0.231153974511624 1.00682821663641 0.973402666517533
0.252167972194498 1.00054412350992 0.968373780232924
0.273181969877373 0.993814027847897 0.962917287347799
0.294195967560248 0.986641106978038 0.957035597295809
0.315209965243123 0.979028819964461 0.950731307265706
0.336223962925998 0.970980905212393 0.944007201054492
0.357237960608873 0.962501377871695 0.93686624783818
0.378251958291748 0.953594527040735 0.929311600860684
0.399265955974622 0.944264912771625 0.921346596041437
0.420279953657497 0.934517362877349 0.912974750502343
0.441293951340372 0.92435696954071 0.904199761014717
0.462307949023247 0.91378908572439 0.895025502366888
0.483321946706122 0.9028193213807 0.88545602565321
0.504335944388997 0.891453539458823 0.875495556485208
0.525349942071872 0.879697851706549 0.865148493125668
0.546363939754747 0.867558614262597 0.854419404546488
0.567377937437621 0.85504242303471 0.843313028411149
0.588391935120496 0.842156108857786 0.831834268982694
0.609405932803371 0.828906732425276 0.819988194958146
0.630419930486246 0.815301578986136 0.807780037230315
0.651433928169121 0.801348152798612 0.795215186577979
0.672447925851996 0.787054171331167 0.782299191285471
0.693461923534871 0.7724275591999 0.769037754692713
0.714475921217746 0.757476441830953 0.755436732676779
0.73548991890062 0.742209138835521 0.741502131066107
0.756503916583495 0.726634157084407 0.727240102988493
0.77751791426637 0.710760183468391 0.712656946154044
0.798531911949245 0.694596077330233 0.697759100074285
0.81954590963212 0.678150862553788 0.682553143218654
0.840559907314995 0.661433719295586 0.667045790109633
0.86157390499787 0.644453975344301 0.651243888357805
0.882587902680745 0.627221097093849 0.635154415638141
0.903601900363619 0.609744680116458 0.618784476608858
0.924615898046494 0.592034439322889 0.602141299774199
0.945629895729369 0.574100198698232 0.585232234292529
0.966643893412244 0.555951880603208 0.568064746731156
0.987657891095119 0.537599494632794 0.550646417769301
1.00867188877799 0.519053126026318 0.532984938850689
1.02968588646087 0.500322923625814 0.515088108787218
1.05069988414374 0.481419087382546 0.49696383031523
1.07171388182662 0.462351855415132 0.478620106605877
1.09272787950949 0.443131490626658 0.460065037731152
1.11374187719237 0.42376826689255 0.441306817087125
1.13475587487524 0.404272454835781 0.422353727775967
1.15576987255812 0.384654307211229 0.403214138948365
1.17678387024099 0.364924043926593 0.383896502107945
1.19779786792387 0.345091836733296 0.364409347379321
1.21881186560674 0.325167793627098 0.344761279741437
1.23982586328962 0.305161943004788 0.324960975227845
1.26083986097249 0.285084217630184 0.305017177095618
1.28185385865537 0.264944438469734 0.284938691964569
1.30286785633824 0.244752298465201 0.2647343859285
1.32388185402112 0.224517346318177 0.244413180640182
1.34489585170399 0.20424897036835 0.223984049371805
1.36590984938687 0.183956382654598 0.203456013052634
1.38692384706974 0.16364860325485 0.182838136285619
1.40793784475262 0.143334445007255 0.162139523344725
1.42895184243549 0.123022498721348 0.141369314154735
1.44996584011837 0.102721118993577 0.120536680255323
1.47097983780124 0.0824384107465071 0.0996508207511566
1.49199383548412 0.0621822166153011 0.0787209582498314
1.51300783316699 0.0419601053083959 0.0577563347894284
1.53402183084987 0.0217793610716893 0.0367662077574899
1.55503582853274 0.00164697438679298 0.0157598458032164
1.57604982621562 -0.0184303659660394 -0.00525347525530597
1.59706382389849 -0.0384462793509908 -0.0262644765270468
1.61807782158137 -0.0583946980991371 -0.0472638801453289
1.63909181926424 -0.0782698705878478 -0.0682424133646709
1.66010581694711 -0.0980663624604835 -0.0891908126553736
1.68111981462999 -0.11777905587713 -0.110099827794032
1.70213381231286 -0.137403146696213 -0.130960225948172
1.72314780999574 -0.156934139497614 -0.151762795753215
1.74416180767861 -0.176367840370404 -0.172498351379951
1.76517580536149 -0.195700347402507 -0.193157736590743
1.78618980304436 -0.214928038825449 -0.21373182878267
1.80720380072724 -0.234047558784803 -0.234211543015802
1.82821779841011 -0.253055800725861 -0.254587836024863
1.84923179609299 -0.271949888404472 -0.274851710212475
1.87024579377586 -0.290727154554546 -0.29499421762225
1.89125979145874 -0.309385117266503 -0.315006463889948
1.91227378914161 -0.327921454154538 -0.334879612170986
1.93328778682449 -0.346333974414985 -0.354604887042535
1.95430178450736 -0.364620588902853 -0.374173578378502
1.97531578219024 -0.382779278378696 -0.393577045195673
1.99632977987311 -0.400808060103002 -0.412806719469331
2.01734377755599 -0.41870495297999 -0.431854109916655
2.03835777523886 -0.436467941476748 -0.45071080574623
2.05937177292174 -0.454094938566813 -0.469368480372014
2.08038577060461 -0.471583747969143 -0.487818895090127
2.10139976828749 -0.488932025973764 -0.506053902716832
2.12241376597036 -0.506137243163785 -0.524065451186095
2.14342776365324 -0.523196646359689 -0.541845587105159
2.16444176133611 -0.540107221125546 -0.559386459266533
2.18545575901899 -0.556865655187725 -0.576680322114867
2.20646975670186 -0.573468303124569 -0.593719539167169
2.22748375438474 -0.589911152690102 -0.610496586384861
2.24849775206761 -0.606189793135941 -0.627004055496187
2.26951174975049 -0.622299385892974 -0.643234657267489
2.29052574743336 -0.638234637968005 -0.659181224721938
2.31153974511624 -0.653989778400188 -0.674836716304258
2.33255374279911 -0.6695585381078 -0.690194218990086
2.35356774048199 -0.684934133437577 -0.70524695133857
2.37458173816486 -0.700109253706583 -0.719988266486854
2.39559573584773 -0.715076053000472 -0.734411655085154
2.41660973353061 -0.729826146462164 -0.748510748171101
2.43762373121349 -0.744350611271538 -0.762279319982093
2.45863772889636 -0.758639992480141 -0.77571129070442
2.47965172657923 -0.772684313825205 -0.788800729157935
2.50066572426211 -0.786473093604951 -0.801541855415102
2.52167972194498 -0.799995365652589 -0.813929043353241
2.54269371962786 -0.813239705399959 -0.825956823138874
2.56370771731073 -0.826194260973966 -0.837619883643042
2.58472171499361 -0.83884678922024 -0.848913074786555
2.60573571267648 -0.8511846964994 -0.85983140981412
2.62674971035936 -0.863195084052394 -0.870370067496355
2.64776370804223 -0.874864797683263 -0.8805243942587
2.66877770572511 -0.886180481460783 -0.890289906236314
2.68979170340798 -0.897128635095491 -0.899662291254018
2.71080570109086 -0.907695674605966 -0.908637410730431
2.73181969877373 -0.917867995848661 -0.917211301505453
2.75283369645661 -0.927632040449394 -0.925380177590282
2.77384769413948 -0.936974363642397 -0.933140431839203
2.79486169182236 -0.945881703495048 -0.940488637542398
2.81587568950523 -0.954341050973383 -0.947421549939091
2.83688968718811 -0.962339720285646 -0.953936107650336
2.85790368487098 -0.969865418928755 -0.96002943403084
2.87891768255386 -0.976906316855839 -0.965698838439207
2.89993168023673 -0.983451114182157 -0.970941817426052
2.92094567791961 -0.989489106851792 -0.975756055839449
2.94195967560248 -0.995010249698613 -0.980139427847242
2.96297367328536 -1.000005216352 -0.984089997875748
2.98398767096823 -1.00446545546066 -0.987606021464457
3.00500166865111 -1.00838324273638 -0.990685946036331
3.02601566633398 -1.01175172835324 -0.993328411583383
3.04702966401686 -1.01456497927694 -0.995532251267216
3.06804366169973 -1.01681801614217 -0.997296491934266
3.08905765938261 -1.01850684434377 -0.99862035454552
3.11007165706548 -1.01962847905886 -0.999503254520518
3.13108565474836 -1.02018096397159 -0.999944801995484
3.15209965243123 -1.02016338352919 -0.999944801995484
3.17311365011411 -1.01957586861717 -0.999503254520518
3.19412764779698 -1.0184195956014 -0.99862035454552
3.21514164547986 -1.01669677874595 -0.997296491934266
3.23615564316273 -1.01441065607608 -0.995532251267216
3.2571696408456 -1.01156546881572 -0.993328411583383
3.27818363852848 -1.00816643458733 -0.990685946036331
3.29919763621135 -1.00421971461836 -0.987606021464457
3.32021163389423 -0.999732375252405 -0.984089997875748
3.3412256315771 -0.994712344113172 -0.980139427847242
3.36223962925998 -0.989168361316407 -0.975756055839449
3.38325362694285 -0.983109926166815 -0.970941817426052
3.40426762462573 -0.976547239814629 -0.965698838439207
3.4252816223086 -0.969491144378796 -0.96002943403084
3.44629561999148 -0.961953059070602 -0.953936107650336
3.46730961767435 -0.953944913872762 -0.947421549939091
3.48832361535723 -0.945479081344339 -0.940488637542398
3.5093376130401 -0.9365683071312 -0.933140431839203
3.53035161072298 -0.927225639765136 -0.925380177590282
3.55136560840585 -0.917464360332212 -0.917211301505453
3.57237960608873 -0.90729791258256 -0.908637410730431
3.5933936037716 -0.896739834039864 -0.899662291254018
3.61440760145448 -0.885803688649418 -0.890289906236314
3.63542159913735 -0.874503001479225 -0.8805243942587
3.65643559682023 -0.862851195959518 -0.870370067496355
3.6774495945031 -0.850861534112672 -0.859831409814121
3.69846359218598 -0.838547060188305 -0.848913074786555
3.71947758986885 -0.825920548077805 -0.837619883643041
3.74049158755173 -0.812994452839226 -0.825956823138874
3.7615055852346 -0.799780866617872 -0.813929043353241
3.78251958291748 -0.786291479200643 -0.801541855415102
3.80353358060035 -0.772537543393756 -0.788800729157936
3.82454757828323 -0.758529845364481 -0.77571129070442
3.8455615759661 -0.744278680038489 -0.762279319982093
3.86657557364898 -0.72979383159593 -0.748510748171101
3.88758957133185 -0.715084559061857 -0.734411655085154
3.90860356901473 -0.700159586940673 -0.719988266486854
3.9296175666976 -0.685027100800277 -0.70524695133857
3.95063156438048 -0.66969474767 -0.690194218990087
3.97164556206335 -0.654169641077548 -0.674836716304258
3.99265955974623 -0.638458370514455 -0.659181224721938
4.0136735574291 -0.622567015087119 -0.64323465726749
4.03468755511197 -0.606501161081696 -0.627004055496187
4.05570155279485 -0.590265923146129 -0.610496586384861
4.07671555047772 -0.573865968771392 -0.593719539167169
4.0977295481606 -0.557305545736922 -0.576680322114867
4.11874354584347 -0.540588512171993 -0.559386459266533
4.13975754352635 -0.523718368875606 -0.54184558710516
4.16077154120922 -0.50669829353214 -0.524065451186095
4.1817855388921 -0.489531176458531 -0.506053902716831
4.20279953657497 -0.472219657520791 -0.487818895090127
4.22381353425785 -0.454766163863327 -0.469368480372013
4.24482753194072 -0.43717294810321 -0.450710805746229
4.2658415296236 -0.419442126653385 -0.431854109916656
4.28685552730647 -0.401575717853217 -0.412806719469332
4.30786952498935 -0.383575679601684 -0.393577045195673
4.32888352267222 -0.365443946207481 -0.374173578378502
4.3498975203551 -0.347182464191141 -0.354604887042536
4.37091151803797 -0.328793226796475 -0.334879612170986
4.39192551572085 -0.31027830699214 -0.315006463889948
4.41293951340372 -0.291639888768342 -0.29499421762225
4.4339535110866 -0.272880296558585 -0.274851710212476
4.45496750876947 -0.254002022641365 -0.254587836024863
4.47598150645235 -0.235007752401773 -0.234211543015802
4.49699550413522 -0.215900387357695 -0.21373182878267
4.5180095018181 -0.196683065879454 -0.193157736590744
4.53902349950097 -0.177359181555142 -0.172498351379951
4.56003749718385 -0.157932399176349 -0.151762795753216
4.58105149486672 -0.138406668340198 -0.130960225948173
4.6020654925496 -0.118786234683647 -0.110099827794031
4.62307949023247 -0.0990756487844849 -0.0891908126553732
4.64409348791535 -0.0792797727804596 -0.0682424133646714
4.66510748559822 -0.0594037847733835 -0.0472638801453291
4.6861214832811 -0.0394531810987333 -0.0262644765270472
4.70713548096397 -0.0194337765532832 -0.00525347525530622
4.72814947864685 0.000648297316380386 0.0157598458032162
4.74916347632972 0.020786595753026 0.0367662077574897
4.7701774740126 0.0409743660372444 0.0577563347894284
4.79119147169547 0.0612045543215243 0.0787209582498305
4.81220546937834 0.0814698139224823 0.0996508207511557
4.83321946706122 0.101762514941499 0.120536680255323
4.8542334647441 0.12207475508314 0.141369314154735
4.87524746242697 0.142398371541121 0.162139523344725
4.89626146010985 0.162724953823173 0.18283813628562
4.91727545779272 0.183045857388812 0.203456013052633
4.93828945547559 0.203352217977661 0.223984049371804
4.95930345315847 0.223634966510398 0.244413180640181
4.98031745084134 0.243884844449652 0.264734385928499
5.00133144852422 0.264092419513906 0.284938691964568
5.02234544620709 0.284248101643807 0.305017177095617
5.04335944388997 0.304342159126954 0.324960975227845
5.06437344157284 0.324364734794183 0.344761279741437
5.08538743925572 0.344305862207538 0.364409347379321
5.10640143693859 0.364155481767329 0.383896502107945
5.12741543462147 0.383903456672912 0.403214138948365
5.14842943230434 0.403539588679017 0.422353727775967
5.16944342998722 0.423053633596403 0.441306817087125
5.19045742767009 0.44243531649248 0.460065037731152
5.21147142535297 0.461674346554043 0.478620106605876
5.23248542303584 0.480760431580505 0.496963830315229
5.25349942071872 0.49968329208189 0.515088108787218
5.27451341840159 0.51843267496137 0.532984938850689
5.29552741608447 0.536998366767201 0.550646417769301
5.31654141376734 0.555370206503653 0.568064746731156
5.33755541145022 0.573538097994703 0.585232234292529
5.35856940913309 0.591492021798192 0.602141299774199
5.37958340681597 0.609222046671453 0.618784476608858
5.40059740449884 0.626718340592458 0.635154415638141
5.42161140218172 0.643971181343056 0.651243888357804
5.44262539986459 0.660970966663075 0.667045790109632
5.46363939754747 0.677708223985821 0.682553143218654
5.48465339523034 0.694173619766966 0.697759100074285
5.50566739291322 0.710357968419893 0.712656946154044
5.52668139059609 0.726252240871375 0.727240102988493
5.54769538827897 0.741847572751936 0.741502131066107
5.56870938596184 0.757135272235515 0.755436732676779
5.58972338364472 0.772106827543046 0.769037754692713
5.61073738132759 0.786753914124369 0.782299191285471
5.63175137901047 0.801068401532533 0.795215186577979
5.65276537669334 0.815042360003987 0.807780037230315
5.67377937437622 0.828668066757537 0.819988194958146
5.69479337205909 0.841938012024142 0.831834268982694
5.71580736974196 0.854844904818794 0.843313028411149
5.73682136742484 0.86738167846482 0.854419404546489
5.75783536510771 0.879541495879961 0.865148493125668
5.77884936279059 0.891317754632619 0.875495556485208
5.79986336047346 0.902704091775667 0.88545602565321
5.82087735815634 0.913694388464214 0.895025502366887
5.84189135583921 0.924282774362761 0.904199761014716
5.86290535352209 0.934463631846208 0.912974750502343
5.88391935120496 0.944231599998296 0.921346596041437
5.90493334888784 0.953581578410184 0.929311600860684
5.92594734657071 0.962508730781043 0.93686624783818
5.94696134425359 0.97100848832181 0.944007201054492
5.96797534193646 0.979076552962528 0.950731307265705
5.98898933961934 0.986708900363098 0.957035597295809
6.01000333730221 0.993901782726672 0.962917287347799
6.03101733498509 1.00065173141444 0.968373780232924
6.05203133266796 1.00695555936011 0.973402666517533
6.07304533035084 1.01281036328206 0.978001725587011
6.09405932803371 1.01821352569079 0.982168926626342
6.11507332571659 1.02316271668909 0.985902429516859
6.13608732339946 1.02765589556213 0.989200585648788
6.15710132108234 1.03169131215473 0.992061938649227
6.17811531876521 1.03526750803265 0.994485225025242
6.19912931644809 1.03838331742511 0.996469374721787
6.22014331413096 1.04103786794565 0.998013511594213
6.24115731181384 1.04323058108832 0.999116953795147
6.26217130949671 1.04496117249669 0.999779214075574
6.28318530717959 1.04622965200304 1
