0 -0.0109873958906415 0
0.0210139976828749 0.0109787258678606 0.0210124511284754
0.0420279953657497 0.0329137124239811 0.0420156237500571
0.0630419930486246 0.0548078570737956 0.0630002434549789
0.0840559907314995 0.0766514557827756 0.0839570440259202
0.105069988414374 0.0984348133668228 0.104876771529707
0.126083986097249 0.120148249670466 0.125750188403588
0.147097983780124 0.141782105737435 0.146568077534282
0.168111981462999 0.16332674996886 0.167321246327997
0.189125979145874 0.184772584264424 0.188000530769618
0.210139976828749 0.206110050141845 0.208596799469283
0.231153974511624 0.227329634830103 0.229100957694542
0.252167972194498 0.24842187733194 0.249503951386338
0.273181969877373 0.269377374451156 0.269796771157024
0.294195967560248 0.29018678678033 0.289970456268657
0.315209965243123 0.310840844644617 0.310016098589803
0.336223962925998 0.331330353997347 0.329924846529121
0.357237960608873 0.351646202263166 0.349687908943976
0.378251958291748 0.371779364124518 0.369296559022357
0.399265955974622 0.391720907247277 0.388742138136397
0.420279953657497 0.411461997941371 0.408016059665773
0.441293951340372 0.430993906752224 0.427109812789322
0.462307949023247 0.450308013978852 0.446014966243175
0.483321946706122 0.46939581511442 0.464723172043769
0.504335944388997 0.488248926205028 0.483226169174079
0.525349942071872 0.506859089122436 0.501515787231454
0.546363939754747 0.525218176746377 0.519583950035434
0.567377937437621 0.543318198052007 0.537422679193962
0.588391935120496 0.561151303097926 0.555024097626425
0.609405932803371 0.578709787910083 0.572380433041942
0.630419930486246 0.595986099256727 0.589484021371395
0.651433928169121 0.612972839309369 0.606327310151662
0.672447925851996 0.62966277018457 0.622902861860577
0.693461923534871 0.646048818361108 0.639203357201126
0.714475921217746 0.662124078966882 0.655221598333444
0.73548991890062 0.677881819929638 0.670950512053178
0.756503916583495 0.69331548598535 0.686383152914818
0.77751791426637 0.708418702537783 0.701512706298604
0.798531911949245 0.723185279362508 0.716332491419678
0.81954590963212 0.737609214148296 0.730835964278124
0.840559907314995 0.751684695868554 0.745016720548617
0.86157390499787 0.76540610797511 0.758868498408392
0.882587902680745 0.778768031406398 0.77238518130229
0.903601900363619 0.79176524740178 0.785560800643656
0.924615898046494 0.804392740113433 0.798389538449896
0.945629895729369 0.816645699007047 0.81086572991154
0.966643893412244 0.828519521042262 0.822983865893656
0.987657891095119 0.840009812623657 0.834738595368536
1.00867188877799 0.851112391312901 0.846124727778551
1.02968588646087 0.861823287292616 0.857137235328163
1.05069988414374 0.872138744572445 0.867771255204052
1.07171388182662 0.882055221927858 0.8780220917224
1.09272787950949 0.891569393562355 0.887885218402375
1.11374187719237 0.900678149483897 0.897356279964893
1.13475587487524 0.909378595586727 0.906431094255788
1.15576987255812 0.917668053430117 0.915105654092536
1.17678387024099 0.925544059706112 0.923376129033713
1.19779786792387 0.933004365388974 0.931238867070408
1.21881186560674 0.94004693455979 0.938690396238849
1.23982586328962 0.946669942900632 0.945727426153523
1.26083986097249 0.952871775853674 0.952346849460122
1.28185385865537 0.958651026441897 0.958545743207658
1.30286785633824 0.964006492749324 0.964321370139157
1.32388185402112 0.968937175060242 0.969671179900357
1.34489585170399 0.973442272658515 0.974592810165871
1.36590984938687 0.977521180289857 0.979084087682323
1.38692384706974 0.981173484291939 0.983143029227997
1.40793784475262 0.984398958399223 0.986767842488569
1.42895184243549 0.987197559231682 0.989956926848547
1.44996584011837 0.989569421478896 0.992708874098054
1.47097983780124 0.991514852793461 0.995022469054655
1.49199383548412 0.993034328410223 0.996896690099946
1.51300783316699 0.994128485510451 0.998330709630677
1.53402183084987 0.994798117352805 0.999323894424192
1.55503582853274 0.995044167195621 0.999875805918044
1.57604982621562 0.994867722037859 0.999986200403656
1.59706382389849 0.994270006208721 0.999655029133931
1.61807782158137 0.99325237483869 0.998882438344777
1.63909181926424 0.991816307247334 0.997668769190539
1.66010581694711 0.989963400285735 0.996014557593349
1.68111981462999 0.9876953616738 0.993920534006479
1.70213381231286 0.985014003374887 0.991387623091797
1.72314780999574 0.981921235052185 0.988416943311459
1.74416180767861 0.978419057653051 0.985009806434027
1.76517580536149 0.974509557168951 0.981167716955231
1.78618980304436 0.97019489861982 0.976892371433627
1.80720380072724 0.965477320312462 0.97218565774144
1.82821779841011 0.960359128423027 0.967049654230938
1.84923179609299 0.954842691953606 0.961486628816687
1.87024579377586 0.948930438112565 0.955499037974103
1.89125979145874 0.94262484816732 0.949089525654746
1.91227378914161 0.935928453816895 0.942260922118821
1.93328778682449 0.928843834129679 0.935016242685415
1.95430178450736 0.92137361308942 0.927358686401021
1.97531578219024 0.913520457789544 0.919291634626925
1.99632977987311 0.905287077312429 0.910818649546093
2.01734377755599 0.896676222326277 0.901943472590214
2.03835777523886 0.887690685427742 0.892670022787583
2.05937177292174 0.878333302253464 0.883002395032577
2.08038577060461 0.868606953378209 0.872944858277456
2.10139976828749 0.858514567011377 0.86250185364732
2.12241376597036 0.848059122497364 0.851677992479032
2.14342776365324 0.837243654618541 0.84047805428498
2.16444176133611 0.826071258692634 0.828906984642578
2.18545575901899 0.814545096449035 0.816969893010442
2.20646975670186 0.802668402661113 0.804672050472194
2.22748375438474 0.790444492504001 0.7920188874089
2.24849775206761 0.777876769599703 0.779015991101168
2.26951174975049 0.764968734703712 0.765669103261961
2.29052574743336 0.751723994979819 0.751984117501219
2.31153974511624 0.738146273802404 0.737967076723404
2.33255374279911 0.724239421018415 0.72362417045913
2.35356774048199 0.710007423594467 0.708961732132033
2.37458173816486 0.695454416568182 0.693986236262114
2.39559573584773 0.68058469421703 0.678704295606772
2.41660973353061 0.665402721352728 0.663122658240795
2.43762373121349 0.649913144644656 0.647248204576604
2.45863772889636 0.634120803871933 0.631087944326053
2.47965172657923 0.61803074300074 0.614649013405138
2.50066572426211 0.601648220981328 0.597938670782979
2.52167972194498 0.584978722157874 0.580964295276463
2.54269371962786 0.568027966184057 0.563733382291966
2.56370771731073 0.550801917337905 0.54625354051559
2.58472171499361 0.533306793131194 0.528532488553389
2.60573571267648 0.515549072111378 0.510578051523038
2.62674971035936 0.497535500757822 0.492398157598494
2.64776370804223 0.479273099378884 0.474000834509128
2.66877770572511 0.460769166922174 0.455394205994911
2.68979170340798 0.442031284617068 0.436586488219197
2.71080570109086 0.423067318376232 0.417585986140696
2.73181969877373 0.403885419891439 0.398401089846242
2.75283369645661 0.384494026368292 0.379040270845959
2.77384769413948 0.364901858854538 0.35951207833249
2.79486169182236 0.345117919127313 0.339825135405908
2.81587568950523 0.325151485115888 0.319988135265998
2.83688968718811 0.30501210484815 0.300009837373588
2.85790368487098 0.28470958892098 0.279899063582616
2.87891768255386 0.264254001506896 0.259664694244646
2.89993168023673 0.243655649921541 0.239315664287558
2.92094567791961 0.222925072788832 0.218860959270131
2.94195967560248 0.202073026852574 0.198309611414277
2.96297367328536 0.181110472495136 0.177670695616667
2.98398767096823 0.160048558035041 0.156953325441506
3.00500166865111 0.138898602886152 0.136166649096247
3.02601566633398 0.117672079671225 0.115319845391994
3.04702966401686 0.0963805953919835 0.0944221196904031
3.06804366169973 0.0750358717663302 0.0734826998388475
3.08905765938261 0.0536497248508804 0.052510832095665
3.11007165706548 0.0322340440734614 0.0315157770472703
3.13108565474836 0.0108007708056079 0.0105068055189363
3.15209965243123 -0.0106381233906956 -0.0105068055189361
3.17311365011411 -0.0320706587048307 -0.03151577704727
3.19412764779698 -0.0534848690689563 -0.0525108320956648
3.21514164547986 -0.0748688240596279 -0.0734826998388472
3.23615564316273 -0.0962106505710288 -0.0944221196904028
3.2571696408456 -0.117498554123346 -0.115319845391994
3.27818363852848 -0.138720839673121 -0.136166649096246
3.29919763621135 -0.159865931796975 -0.156953325441506
3.32021163389423 -0.180922394125807 -0.177670695616666
3.3412256315771 -0.201878947913344 -0.198309611414277
3.36223962925998 -0.222724489630769 -0.218860959270131
3.38325362694285 -0.243448107487874 -0.239315664287557
3.40426762462573 -0.264039096790787 -0.259664694244646
3.4252816223086 -0.284486974056646 -0.279899063582616
3.44629561999148 -0.304781489816542 -0.300009837373588
3.46730961767435 -0.324912640049484 -0.319988135265997
3.48832361535723 -0.344870676202002 -0.339825135405908
3.5093376130401 -0.36464611376007 -0.35951207833249
3.53035161072298 -0.384229739352295 -0.379040270845959
3.55136560840585 -0.403612616375503 -0.398401089846242
3.57237960608873 -0.422786089146036 -0.417585986140696
3.5933936037716 -0.441741785591906 -0.436586488219197
3.61440760145448 -0.46047161851254 -0.455394205994911
3.63542159913735 -0.478967785443871 -0.474000834509127
3.65643559682023 -0.497222767177097 -0.492398157598493
3.6774495945031 -0.51522932498925 -0.510578051523037
3.69846359218598 -0.532980496652838 -0.528532488553388
3.71947758986885 -0.550469591300134 -0.54625354051559
3.74049158755173 -0.567690183225075 -0.563733382291966
3.7615055852346 -0.584636104712239 -0.580964295276463
3.78251958291748 -0.601301437987844 -0.597938670782979
3.80353358060035 -0.617680506392226 -0.614649013405138
3.82454757828323 -0.633767864876721 -0.631087944326053
3.8455615759661 -0.649558289930312 -0.647248204576604
3.86657557364898 -0.665046769042807 -0.663122658240795
3.88758957133185 -0.680228489811742 -0.678704295606772
3.90860356901473 -0.695098828799606 -0.693986236262114
3.9296175666976 -0.709653340246469 -0.708961732132034
3.95063156438048 -0.723887744740656 -0.72362417045913
3.97164556206335 -0.737797917946881 -0.737967076723404
3.99265955974623 -0.751379879487139 -0.751984117501218
4.0136735574291 -0.764629782064948 -0.765669103261961
4.03468755511197 -0.777543900918064 -0.779015991101168
4.05570155279485 -0.790118623678862 -0.7920188874089
4.07671555047772 -0.802350440715057 -0.804672050472194
4.0977295481606 -0.814235936016641 -0.816969893010442
4.11874354584347 -0.825771778687639 -0.828906984642578
4.13975754352635 -0.836954715093955 -0.840478054284979
4.16077154120922 -0.847781561710934 -0.851677992479033
4.1817855388921 -0.858249198706665 -0.86250185364732
4.20279953657497 -0.868354564289392 -0.872944858277456
4.22381353425785 -0.878094649839842 -0.883002395032577
4.24482753194072 -0.887466495841889 -0.892670022787583
4.2658415296236 -0.896467188617758 -0.901943472590213
4.28685552730647 -0.905093857867079 -0.910818649546093
4.30786952498935 -0.913343675002509 -0.919291634626925
4.32888352267222 -0.921213852268431 -0.927358686401021
4.3498975203551 -0.928701642623458 -0.935016242685415
4.37091151803797 -0.935804340362123 -0.942260922118821
4.39192551572085 -0.942519282446288 -0.949089525654746
4.41293951340372 -0.948843850512466 -0.955499037974103
4.4339535110866 -0.954775473517375 -0.961486628816687
4.45496750876947 -0.960311630980775 -0.967049654230938
4.47598150645235 -0.965449856781825 -0.97218565774144
4.49699550413522 -0.970187743462945 -0.976892371433627
4.5180095018181 -0.974522946993417 -0.981167716955231
4.53902349950097 -0.978453191943725 -0.985009806434027
4.56003749718385 -0.981976277020832 -0.988416943311459
4.58105149486672 -0.985090080914339 -0.991387623091797
4.6020654925496 -0.987792568403543 -0.993920534006479
4.62307949023247 -0.990081796675992 -0.996014557593349
4.64409348791535 -0.991955921808994 -0.997668769190539
4.66510748559822 -0.99341320536683 -0.998882438344777
4.6861214832811 -0.994452021067925 -0.999655029133931
4.70713548096397 -0.99507086147809 -0.999986200403656
4.72814947864685 -0.995268344687989 -0.999875805918044
4.74916347632972 -0.995043220935225 -0.999323894424192
4.7701774740126 -0.994394379133896 -0.998330709630677
4.79119147169547 -0.993320853276968 -0.996896690099946
4.81220546937834 -0.991821828679492 -0.995022469054655
4.83321946706122 -0.989896648033389 -0.992708874098054
4.8542334647441 -0.987544817247245 -0.989956926848547
4.87524746242697 -0.98476601104733 -0.986767842488569
4.89626146010985 -0.981560078318751 -0.983143029227996
4.91727545779272 -0.977927047168351 -0.979084087682323
4.93828945547559 -0.973867129693552 -0.974592810165871
4.95930345315847 -0.969380726443889 -0.969671179900357
4.98031745084134 -0.964468430564385 -0.964321370139157
5.00133144852422 -0.959131031612245 -0.958545743207658
5.02234544620709 -0.953369519040516 -0.952346849460122
5.04335944388997 -0.947185085344404 -0.945727426153523
5.06437344157284 -0.940579128867853 -0.938690396238849
5.08538743925572 -0.93355325626972 -0.931238867070408
5.10640143693859 -0.926109284650515 -0.923376129033713
5.12741543462147 -0.918249243342093 -0.915105654092536
5.14842943230434 -0.909975375363995 -0.906431094255788
5.16944342998722 -0.901290138551293 -0.897356279964893
5.19045742767009 -0.892196206359781 -0.887885218402376
5.21147142535297 -0.882696468355235 -0.878022091722401
5.23248542303584 -0.872794030394172 -0.867771255204052
5.25349942071872 -0.862492214504171 -0.857137235328163
5.27451341840159 -0.851794558472262 -0.846124727778551
5.29552741608447 -0.840704815150301 -0.834738595368536
5.31654141376734 -0.829226951486482 -0.822983865893657
5.33755541145022 -0.817365147292338 -0.81086572991154
5.35856940913309 -0.805123793754649 -0.798389538449896
5.37958340681597 -0.792507491701705 -0.785560800643656
5.40059740449884 -0.779521049633308 -0.77238518130229
5.42161140218172 -0.766169481523794 -0.758868498408392
5.44262539986459 -0.752458004407183 -0.745016720548617
5.46363939754747 -0.738392035753364 -0.730835964278125
5.48465339523034 -0.723977190644002 -0.716332491419679
5.50566739291322 -0.70921927875656 -0.701512706298604
5.52668139059609 -0.694124301164568 -0.686383152914817
5.54769538827897 -0.67869844696197 -0.670950512053178
5.56870938596184 -0.662948089719064 -0.655221598333444
5.58972338364472 -0.646879783777263 -0.639203357201126
5.61073738132759 -0.630500260389571 -0.622902861860578
5.63175137901047 -0.613816423713408 -0.606327310151663
5.65276537669334 -0.596835346662077 -0.589484021371395
5.67377937437622 -0.579564266620945 -0.572380433041943
5.69479337205909 -0.562010581034091 -0.555024097626425
5.71580736974196 -0.544181842866994 -0.537422679193963
5.73682136742484 -0.526085755950524 -0.519583950035434
5.75783536510771 -0.507730170211386 -0.501515787231454
5.77884936279059 -0.4891230767939 -0.483226169174079
5.79986336047346 -0.470272603077877 -0.464723172043768
5.82087735815634 -0.451187007597204 -0.446014966243175
5.84189135583921 -0.431874674863607 -0.427109812789322
5.86290535352209 -0.412344110099978 -0.408016059665773
5.88391935120496 -0.392603933887561 -0.388742138136397
5.90493334888784 -0.372662876731204 -0.369296559022358
5.92594734657071 -0.352529773546889 -0.349687908943976
5.94696134425359 -0.33221355807565 -0.329924846529122
5.96797534193646 -0.311723257228048 -0.310016098589803
5.98898933961934 -0.291067985363293 -0.289970456268657
6.01000333730221 -0.270256938507186 -0.269796771157024
6.03101733498509 -0.249299388513008 -0.249503951386338
6.05203133266796 -0.228204677169583 -0.229100957694542
6.07304533035084 -0.206982210260705 -0.208596799469283
6.09405932803371 -0.185641451580242 -0.188000530769619
6.11507332571659 -0.164191916907212 -0.167321246327997
6.13608732339946 -0.142643167945254 -0.146568077534282
6.15710132108234 -0.121004806230895 -0.125750188403588
6.17811531876521 -0.0992864670151477 -0.104876771529707
6.19912931644809 -0.0774978131230072 -0.0839570440259198
6.22014331413096 -0.0556485287954468 -0.0630002434549793
6.24115731181384 -0.0337483135186345 -0.0420156237500575
6.26217130949671 -0.0118068758451057 -0.0210124511284757
6.28318530717959 0.0101660727883143 -2.44921270764475E-16
