Problem B
Random square matrix A
A = 
      8.42       6.13       7.88       4.58       4.48 
      2.68       3.08       9.95       5.14       2.43 
     0.305       4.72       3.21       4.33          8 
      4.33       3.87       4.41       0.77       3.63 
      3.57       2.63       8.33       8.49      0.952 
B inverse of Q*R.
B = 
      4.57       2.38      0.452      -7.32      -3.47 
       -12       -6.8      -1.37       19.9       9.49 
     0.729       0.64     0.0473      -1.25      -0.69 
     0.367      0.069     0.0928     -0.676     -0.108 
      6.43       3.63      0.847      -10.6      -5.13 
A * B = 
         1  -1.42e-14   1.02e-14   7.11e-15  -7.11e-15 
 -8.88e-15          1   6.22e-15  -3.55e-15  -7.11e-15 
  7.11e-15   3.55e-15          1          0  -7.11e-15 
  2.49e-14  -1.78e-15  -2.13e-14          1   1.42e-14 
  4.44e-15  -3.11e-15  -9.99e-15   1.78e-14          1 
