0.00000000 5800000.00000000 500.00000000 0.00000000
0.10000000 5799991.02343264 505.38593764 3.59062972
0.30000000 5799972.77921640 516.33244461 10.88833899
0.70000000 5799935.09691920 538.94170322 25.96137757
1.39358874 5799865.80465772 580.51658438 53.67875790
2.16034681 5799782.96614096 630.21869112 86.81516792
2.99773970 5799684.37465528 689.37177156 126.25357316
3.88866266 5799569.30298422 758.41181260 172.28520318
4.82304503 5799436.22018467 838.25692822 225.52288711
5.79330628 5799283.18361273 930.07211277 286.74427449
6.79363776 5799107.84064579 1035.26816322 356.89119099
7.81943616 5798907.42556405 1155.50349368 437.07094227
8.86697454 5798678.73187436 1292.70066798 528.56745766
9.93318678 5798418.07027412 1449.07152668 632.85819921
11.01552013 5798121.21449892 1627.14955591 751.63594517
12.11183008 5797783.33587852 1829.82899523 886.83512625
13.22030284 5797398.92641139 2060.41078741 1040.66280121
14.33939671 5796961.70957146 2322.65582838 1215.63460016
15.46779662 5796464.53762511 2620.84623267 1414.61614222
16.60437840 5795899.27386855 2959.85554491 1640.87058654
17.74818020 5795256.65784503 3345.22903200 1898.11312298
18.89837939 5794526.15123651 3783.27539999 2190.57336350
20.05427375 5793695.76172578 4281.17150792 2523.06676630
21.21526607 5792751.84167435 4847.08190548 2901.07642017
22.38085153 5791678.85794356 5490.29531315 3330.84674329
23.55060730 5790459.12858254 6221.38049963 3819.49091783
24.72418413 5789072.52139670 7052.36440405 4375.11419925
25.90129951 5787496.10857039 7996.93581062 5006.95561899
27.08173229 5785703.77051524 9070.67842728 5725.55105748
28.26531857 5783665.74091401 10291.33786521 6542.92122078
29.45194878 5781348.08347830 11679.12778775 7472.78873395
30.64156580 5778712.08917448 13257.08142415 8530.82940137
31.83416420 5775713.58051110 15051.45576648 9734.96372241
33.02979049 5772302.10681490 17092.19713625 11105.69604885
34.22854450 5768420.01110422 19413.47848972 12666.51040605
35.43058189 5764001.34500302 22054.32091659 14444.33408039
36.63611792 5758970.60285829 25059.31439721 16470.08274450
37.84543268 5753241.23946210 28479.45618498 18779.30435292
39.05887799 5746713.92702351 32373.12940316 21412.94357333
40.27688617 5739274.49556272 36807.24991250 24418.25452477
41.49998133 5730791.48567023 41858.61668034 27849.89764942
42.72781060 5721121.46550400 47610.60984022 31767.92465578
43.96101872 5710093.40932482 54162.30921196 36244.28146322
45.20042456 5697509.43906421 61627.79433261 41362.76660318
46.44697914 5683140.63124005 70138.29852061 47221.07023933
47.70179870 5666721.34509080 79845.12059029 53933.53431891
48.96619915 5647942.32015288 90923.09861915 61634.58122797
50.24174044 5626442.11092298 103574.83436743 70483.05470959
51.53028396 5601796.33109155 118035.88196942 80667.78693904
52.83406785 5573503.94863977 134581.20335058 92414.84800965
54.15580776 5540969.52476207 153533.32320988 105997.15202805
55.49883449 5503479.73358735 175272.82256292 121747.44384973
56.86728677 5460171.58091258 200252.14778968 140076.27129773
58.26638919 5409988.15556603 229014.29204341 161497.55239056
59.70286732 5351614.87164382 262218.95636783 186666.17198835
61.18559500 5283383.61088626 300680.82947642 216435.55963732
62.72665973 5203120.61681678 345428.88405230 251950.49913091
64.34324493 5107887.46266347 397805.47226791 294807.06506861
66.06129050 4993495.16677815 459650.21515772 347354.61806413
67.92367747 4853455.26754223 533697.20209940 413347.53035837
70.01310013 4676143.79677639 624665.04361733 499691.15960629
72.41180028 4446992.67693874 737246.07246632 616261.25059494
74.82301459 4191795.68260271 855333.71658876 753370.60080852
77.26646379 3912895.93665845 974498.08143353 913105.98190802
79.75971828 3614726.43987221 1088780.73416693 1096992.82596086
82.20850863 3317189.35365253 1187033.67829382 1296276.96805364
84.46033223 3047072.49519123 1260097.73171620 1493329.77309257
86.73257257 2784392.73743617 1313626.02794837 1702481.23461546
89.00084461 2537202.31213924 1345131.19969028 1918166.48817048
91.38246568 2297766.56600951 1354598.26613558 2148135.16785490
93.99919930 2061138.37151349 1339090.81691545 2400270.81157106
97.10784183 1816983.27414703 1290738.33292724 2692778.39292573
100.06236211 1620546.50998571 1221734.29745085 2958219.19256344
102.97670002 1457576.95732486 1138811.68338215 3204111.35929299
105.94788070 1318929.34353897 1045563.39003252 3436007.26642851
108.81127235 1207729.82987683 952422.22324553 3640347.94687764
111.68296074 1114777.60305609 859571.45524473 3826150.94169919
114.63871282 1035267.63918014 767413.14786744 3997819.21295241
117.76348245 965884.63259281 675855.75256030 4158759.61484689
121.20920325 903549.90225941 583416.18169581 4313533.91604478
125.15447575 846662.75816253 489436.29805411 4464400.94378336
128.36655456 809396.63822539 422271.38267782 4568831.97909679
131.43443877 779876.74801950 365595.87678812 4655027.37519238
134.36619871 756224.30379431 317797.28120415 4726478.41500153
137.33678780 736024.81357100 275184.63101193 4789290.55541707
140.17130984 719703.86408297 239481.88901365 4841314.24690338
142.93474960 706126.44865969 208873.74338880 4885499.80795151
145.64148082 694720.86005681 182499.98191745 4923279.15802573
148.30495059 685056.14138543 159663.05125011 4955780.80736446
150.93398646 676814.43420990 139824.27194151 4983861.29384859
153.53517645 669750.79285823 122547.76553007 5008201.44161170
156.11350259 663672.36247298 107474.53651524 5029353.10101178
158.67284275 658424.45750340 94304.42048330 5047771.12201331
161.21627248 653881.21719432 82783.78200389 5063835.00080179
163.74627033 649939.03413469 72696.58858711 5077864.37727819
166.26485964 646511.79991706 63857.71643556 5090130.48364738
168.77370995 643527.37731570 56107.77853596 5100864.84414833
171.27421126 640924.92739608 49309.03534233 5110266.03726160
173.76752965 638652.84792221 43342.10031478 5118505.05176302
176.25464962 636667.15865303 38103.24545940 5125729.59588757
178.73640698 634930.21965454 33502.17047058 5132067.60987489
181.21351460 633409.70197948 29460.13722756 5137630.16079296
183.68658303 632077.75246596 25908.39705630 5142513.85047774
186.15613700 630910.30984703 22786.85590870 5146802.83424428
188.62262884 629886.54021843 20042.93518974 5150570.52459184
191.08644957 628988.36767708 17630.59508682 5153881.03723610
193.54793795 628200.08158667 15509.49401108 5156790.42440225
196.00738810 627508.00608705 13644.26285990 5159347.73105305
198.46505584 626900.22057102 12003.87672363 5161595.90270535
200.92116407 626366.32220027 10561.10971156 5163572.56808818
203.37590728 625897.22332671 9292.06098575 5165310.71568755
205.82945541 625484.97807069 8175.74202277 5166839.27990655
208.28195716 625122.63338756 7193.71668805 5168183.64992440
210.73354280 624804.10080333 6329.78698666 5169366.11221002
213.18432664 624524.04567390 5569.71840954 5170406.23591657
215.63440906 624277.79136115 4900.99967198 5171321.20896687
218.08387843 624061.23615290 4312.63237579 5172126.13147131
220.53281257 623870.78110613 3794.94674524 5172834.27214864
222.98128026 623703.26728023 3339.44011166 5173457.29260811
225.42934233 623555.92106372 2938.63526685 5174005.44366944
227.87705280 623426.30649290 2585.95618703 5174487.73732008
230.32445974 623312.28362405 2275.61895576 5174912.09742020
232.77160617 623211.97215609 2002.53599501 5175285.49184890
235.21853074 623123.71961491 1762.23195671 5175614.04842838
237.66526838 623046.07350693 1550.76983604 5175903.15665703
240.11185093 622977.75693078 1364.68605005 5176157.55701917
242.55830763 622917.64720534 1200.93338277 5176381.41941189
245.00466564 622864.75713176 1056.83083493 5176578.41203331
247.45095048 622818.21855729 930.01953640 5176751.76190631
249.89718643 622777.26795265 818.42398325 5176904.30806411
252.34339698 622741.23375177 720.21795253 5177038.54829571
254.78960518 622709.52523527 633.79452722 5177156.68023752
257.23583401 622681.62276668 557.73973349 5177260.63749984
259.68210682 622657.06921485 490.80935308 5177352.12143207
262.12844764 622635.46241681 431.90852710 5177432.62905609
264.57488159 622616.44855369 380.07381405 5177503.47763226
267.02143534 622599.71632816 334.45740594 5177565.82626591
269.46813748 622584.99184560 294.31324239 5177620.69491202
271.91501903 622572.03411346 258.98479385 5177668.98109269
274.36211391 622560.63108370 227.89431302 5177711.47460329
276.80945952 622550.59617237 200.53337767 5177748.87044996
279.25709735 622541.76519868 176.45456955 5177781.78023178
281.70507360 622533.99369258 155.26415263 5177810.74215479
284.15344001 622527.15452663 136.61563064 5177836.22984274
286.60225463 622521.13583263 120.20407806 5177858.66008931
289.05158276 622515.83916900 105.76115183 5177878.39967917
291.50149804 622511.17790840 93.05070171 5177895.77138990
293.95208361 622507.07581924 81.86490762 5177911.05927315
296.40343342 622503.46581763 72.02088059 5177924.51330179
298.85565375 622500.28886927 63.35767158 5177936.35345915
301.30886490 622497.49302330 55.73363931 5177946.77333740
303.76320310 622495.03256212 49.02413389 5177955.94330400
306.21882262 622492.86725336 43.11945847 5177964.01328818
308.67589824 622490.96169163 37.92307540 5177971.11523298
311.13462794 622489.28471932 33.35002767 5177977.36525301
313.59523599 622487.80891695 29.32554972 5177982.86553334
316.05797637 622486.51015461 25.78384493 5177987.70600046
318.52313667 622485.36719734 22.66700980 5177991.96579287
320.99104244 622484.36135781 19.92408716 5177995.71455504
323.46206206 622483.47619070 17.51023301 5177999.01357629
325.93661213 622482.69722379 15.38598330 5178001.91679292
328.41516364 622482.01172121 13.51660868 5178004.47167012
330.89824864 622481.40847526 11.87154663 5178006.71997812
333.38646784 622480.87762307 10.42390180 5178008.69847514
335.88049886 622480.41048533 9.15000620 5178010.43950848
338.38110545 622479.99942436 8.02903220 5178011.97154345
340.88914760 622479.63771922 7.04265197 5178013.31962882
343.40559260 622479.31945574 6.17473776 5178014.50580652
345.93152712 622479.03942984 5.41109809 5178015.54947208
348.46817038 622478.79306237 4.73924567 5178016.46769196
351.01688827 622478.57632422 4.14819308 5178017.27548271
353.57920866 622478.38567031 3.62827293 5178017.98605676
356.15683765 622478.21798166 3.17097967 5178018.61103868
358.75167695 622478.07051419 2.76883021 5178019.16065560
361.36584211 622477.94085384 2.41524134 5178019.64390483
364.00168183 622477.82687692 2.10442170 5178020.06870139
366.66179800 622477.72671525 1.83127676 5178020.44200800
369.34906664 622477.63872548 1.59132502 5178020.76994951
372.06665963 622477.56146199 1.38062426 5178021.05791376
374.81806728 622477.49365307 1.19570649 5178021.31064044
377.60712177 622477.43417992 1.03352068 5178021.53229940
380.43802179 622477.38205808 0.89138219 5178021.72655974
383.31535856 622477.33642112 0.76692822 5178021.89665067
386.24414382 622477.29650621 0.65807851 5178022.04541529
389.22984043 622477.26164142 0.56300071 5178022.17535788
392.27839654 622477.23123452 0.48007976 5178022.28868573
395.39628445 622477.20476310 0.40789104 5178022.38734586
398.59054574 622477.18176590 0.34517667 5178022.47305744
401.86884436 622477.16183516 0.29082466 5178022.54734019
405.23952999 622477.14460994 0.24385072 5178022.61153935
408.71171420 622477.12977026 0.20338225 5178022.66684749
412.29536275 622477.11703201 0.16864445 5178022.71432355
416.00140761 622477.10614247 0.13894821 5178022.75490933
419.84188368 622477.09687654 0.11367960 5178022.78944387
423.83009582 622477.08903336 0.09229088 5178022.81867577
427.98082352 622477.08243348 0.07429273 5178022.84327380
432.31057257 622477.07691646 0.05924756 5178022.86383600
436.83788561 622477.07233872 0.04676385 5178022.88089744
441.58372736 622477.06857182 0.03649135 5178022.89493684
446.57196537 622477.06550094 0.02811692 5178022.90638216
451.82997442 622477.06302357 0.02136103 5178022.91561541
457.38940275 622477.06104845 0.01597479 5178022.92297677
463.28715326 622477.05949458 0.01173731 5178022.92876812
469.56665382 622477.05829042 0.00845351 5178022.93325608
476.27952279 622477.05737315 0.00595208 5178022.93667478
483.48778368 622477.05668802 0.00408372 5178022.93922827
491.26685663 622477.05618776 0.00271948 5178022.94109278
499.70967147 622477.05583198 0.00174923 5178022.94241880
508.93243647 622477.05558664 0.00108020 5178022.94333317
519.08291392 622477.05542356 0.00063547 5178022.94394098
530.35260090 622477.05531983 0.00035259 5178022.94432759
542.99519662 622477.05525730 0.00018208 5178022.94456063
557.35558224 622477.05522205 0.00008594 5178022.94469202
573.91718556 622477.05520379 0.00003614 5178022.94476009
593.38328462 622477.05519532 0.00001304 5178022.94479166
600.00000000 622477.05519392 0.00000922 5178022.94479687
