0.00000000 5800000.00000000 500.00000000 0.00000000
0.10000000 5799991.02343264 505.38593764 3.59062972
0.30000000 5799972.77921640 516.33244461 10.88833899
0.70000000 5799935.09691920 538.94170322 25.96137757
1.50000000 5799854.71082204 587.17277887 58.11639909
2.52532494 5799741.07995090 655.34971768 103.57033142
3.65006078 5799601.20522145 739.27138283 159.52339571
4.85541321 5799431.36710444 841.16858684 227.46430873
6.12305616 5799227.44576430 963.51195891 309.04227680
7.44046383 5798984.04295650 1109.53862992 406.41841358
8.79821530 5798694.54237521 1283.21579987 522.24182492
10.18904070 5798350.96819814 1489.32529418 659.70650768
11.60720648 5797943.78965834 1733.58037741 822.62996425
13.04812446 5797461.66809355 2022.77690219 1015.55500426
14.50808608 5796891.14604700 2364.97897777 1243.87497523
15.98407401 5796216.27211499 2769.74284050 1513.98504451
17.47362435 5795418.15197007 3248.38452859 1833.46350134
18.97472313 5794474.41298351 3814.29870941 2211.28830708
20.48572744 5793358.56674638 4483.33780282 2658.09545080
22.00530441 5792039.25023940 5274.26256058 3186.48720002
23.53238398 5790479.32218841 6209.27763140 3811.40018019
25.06612228 5788634.78602138 7314.66848856 4550.54549006
26.60587370 5786453.50452194 8621.55957123 5424.93590683
28.15117008 5783873.66338154 10166.81777268 6459.51884578
29.70170618 5780821.93088915 11994.13073993 7683.93837092
31.25733066 5777211.24828468 14155.29615041 9133.45556492
32.81804232 5772938.16889485 16711.76664226 10850.06446289
34.38399160 5767879.64272425 19736.50601349 12883.85126226
35.95548742 5761889.11476111 23316.22654303 15294.65869586
37.53301012 5754791.76703744 27554.09609641 18154.13686615
39.11723124 5746378.68221590 32573.02893467 21548.28884943
40.70904173 5736399.63367907 38519.70869013 25580.65763080
42.30903829 5724558.54080552 45566.90130192 30374.55789256
43.91728169 5710508.95943455 53915.59020026 36075.45036518
45.53553144 5693824.15351662 63811.96283187 42863.88365151
47.16581782 5673989.90098737 75550.46147032 50959.63754231
48.81064654 5650382.77260087 89484.89211328 60632.33528585
50.47312342 5622242.99006108 106041.84875271 72215.16118621
52.15713647 5588638.45813755 125737.97436236 86123.56750009
53.86761108 5548416.18954834 149202.47867571 102881.33177595
55.61087953 5500134.93914520 177207.18571021 123157.87514459
57.39523504 5441968.69287226 210707.79808590 147823.50904184
59.23179893 5371562.65766924 250902.73896755 178034.60336321
60.00000000 5338613.84848603 269576.99751087 192309.15400310
60.00000000 5338613.84848603 269576.99751087 192309.15400310
60.10000000 5337552.22857933 268716.14342747 194231.62799319
60.30000000 5335439.77862930 267002.04693769 198058.17443301
60.70000000 5331257.70196373 263604.13115565 205638.16688062
61.50000000 5323062.18428773 256928.05608693 220509.75962534
63.10000000 5307324.94340406 244044.18069670 249130.87589923
66.30000000 5278307.52225822 220064.77972125 302127.69802053
70.48335849 5244842.82106270 192047.28366498 363609.89527231
74.74846455 5215299.26520612 166985.75593536 418214.97885852
79.01868995 5189728.90902882 145044.35077205 465726.74019913
83.23023023 5167910.85634463 126137.26537532 506451.87828004
87.40365671 5149176.49376002 109765.00699084 541558.49924914
91.54360819 5133054.71730328 95573.52483136 571871.75786536
95.65573222 5119149.24431586 83256.41090115 598094.34478299
99.74429844 5107133.41040636 72555.65881845 620810.93077519
103.81286964 5096734.32740385 63251.52604737 640514.14654878
107.86439123 5087722.70418028 55156.22244445 657621.07337527
111.90132560 5079904.77070738 48108.66797236 672486.56132025
115.92574290 5073116.00875444 41970.30013669 685413.69110887
119.93939301 5067216.17990928 36621.64437049 696662.17572022
123.94376185 5062085.33892954 31959.48360505 706455.17746540
127.94011607 5057620.60203988 27894.50108814 714984.89687197
131.92953904 5053733.50284598 24349.30314827 722417.19400575
135.91296001 5050347.81135882 21256.75059615 728895.43804502
139.89117803 5047397.72219196 18558.54345096 734543.73435707
143.86488168 5044826.34004685 16204.01541865 739469.64453449
147.83466550 5042584.40678286 14149.10334640 743766.48987073
151.80104365 5040629.22640807 12355.46357662 747515.31001530
155.76446149 5038923.75340110 10789.71230229 750786.53429661
159.72530531 5037435.81669939 9422.77108463 753641.41221597
163.68391055 5036137.45703069 8229.30191365 756133.24105565
167.64056890 5035004.35943029 7187.21877480 758308.42179490
171.59553431 5034015.36606454 6277.26477644 760207.36915900
175.54902810 5033152.05708635 5482.64560214 761865.29731151
179.50124346 5032398.38933471 4788.71145955 763312.89920573
183.45234925 5031740.38437572 4182.68086499 764576.93475928
187.40249330 5031165.85875244 3653.40057699 765680.74067056
191.35180532 5030664.19043446 3191.13680954 766644.67275599
195.30039938 5030226.11638250 2787.39354530 767486.49007220
199.24837610 5029843.55691068 2434.75435225 768221.68873706
203.19582455 5029509.46316837 2126.74460399 768863.79222763
207.14282398 5029217.68459904 1857.71142654 769424.60397441
211.08944526 5028962.85368370 1622.71905702 769914.42725928
215.03575224 5028740.28565758 1417.45760960 770342.25673282
218.98180294 5028545.89121082 1238.16351139 770715.94527779
222.92765064 5028376.10045891 1081.55010041 771042.34944068
226.87334483 5028227.79670251 944.74707656 771327.45622093
230.81893218 5028098.25869689 825.24766749 771576.49363561
234.76445736 5027985.11032314 720.86251992 771794.02715694
238.70996388 5027886.27670065 629.67945518 771984.04384417
242.65549490 5027799.94590824 550.02833947 772150.02575228
246.60109399 5027724.53559040 480.45041584 772295.01399376
250.54680597 5027658.66382030 419.67152894 772421.66465075
254.49267769 5027601.12367325 366.57874691 772532.29757984
258.43875893 5027550.86103501 320.19994793 772628.93901706
262.38510327 5027506.95523141 279.68599464 772713.35877395
266.33176906 5027468.60211868 244.29516752 772787.10271380
270.27882055 5027435.09932091 213.37957042 772851.52110866
274.22632897 5027405.83334064 186.37325801 772907.79340135
278.17437388 5027380.26830455 162.78186656 772956.94982889
282.12304459 5027357.93613597 142.17355768 772999.89030634
286.07244178 5027338.42797305 124.17110837 773037.40091857
290.02267932 5027321.38667428 108.44500221 773070.16832350
293.97388632 5027306.50027336 94.70739493 773098.79233170
297.92620943 5027293.49626301 82.70684350 773123.79689348
301.87981551 5027282.13660253 72.22370219 773145.63969528
305.83489458 5027272.21335737 63.06610102 773164.72054161
309.79166318 5027263.54489067 55.06643304 773181.38867628
313.75036826 5027255.97253679 48.07828590 773195.94917731
317.71129149 5027249.35769573 41.97376157 773208.66854269
321.67475424 5027243.57929532 36.64113511 773219.77956957
325.64112315 5027238.53157437 31.98280947 773229.48561615
329.61081646 5027234.12214636 27.91352910 773237.96432453
333.58431127 5027230.27030806 24.35881934 773245.37087260
337.56215157 5027226.90556211 21.25362326 773251.84081462
341.54495745 5027223.96632649 18.54111094 773257.49256257
345.53343543 5027221.39880718 16.17163922 773262.42955359
349.52839001 5027219.15601352 14.10184311 773266.74214337
353.53073675 5027217.19689796 12.29384207 773270.50925997
357.54151677 5027215.48560477 10.71454664 773273.79984859
361.56191299 5027213.99081362 9.33505282 773276.67413355
365.59326817 5027212.68516634 8.13011298 773279.18472067
369.63710487 5027211.54476602 7.07767371 773281.37756027
373.69514743 5027210.54873957 6.15847209 773283.29278834
377.76934610 5027209.67885554 5.35568306 773284.96546140
381.86190340 5027208.91919029 4.65461128 773286.42619843
385.97530263 5027208.25583633 4.04242207 773287.70174160
390.11233873 5027207.67664755 3.50790620 773288.81544625
394.27615131 5027207.17101658 3.04127451 773289.78770890
398.47025972 5027206.72968032 2.63397841 773290.63634126
402.69860031 5027206.34454995 2.27855299 773291.37689706
406.96556541 5027206.00856236 1.96847994 773292.02295769
411.27604419 5027205.71555030 1.69806771 773292.58638199
415.63546514 5027205.46012879 1.46234666 773293.07752454
420.04984014 5027205.23759582 1.25697747 773293.50542670
424.52581041 5027205.04384543 1.07817087 773293.87798369
429.07069440 5027204.87529166 0.92261748 773294.20209086
433.69253841 5027204.72880194 0.78742636 773294.48377169
438.40017089 5027204.60163886 0.67007122 773294.72828991
443.20326161 5027204.49140907 0.56834332 773294.94024760
448.11238794 5027204.39601865 0.48031026 773295.12367109
453.13911042 5027204.31363407 0.40427989 773295.28208604
458.29606110 5027204.24264801 0.33876890 773295.41858309
463.59704844 5027204.18164967 0.28247528 773295.53587505
469.05718368 5027204.12939883 0.23425448 773295.63634669
474.69303457 5027204.08480341 0.19309865 773295.72209794
480.52281351 5027204.04690005 0.15811872 773295.79498123
486.56660888 5027204.01483733 0.12852895 773295.85663371
492.84667030 5027203.98786148 0.10363371 773295.90850482
499.38776125 5027203.96530405 0.08281610 773295.95187985
506.21759633 5027203.94657153 0.06552840 773295.98790006
513.36738535 5027203.93113652 0.05128387 773296.01757962
520.87251371 5027203.91853018 0.03964984 773296.04181997
528.77339816 5027203.90833604 0.03024196 773296.06142199
537.11657114 5027203.90018459 0.02271922 773296.07709619
545.95606706 5027203.89374881 0.01677982 773296.08947137
555.35521246 5027203.88874032 0.01215763 773296.09910206
565.38896547 5027203.88490606 0.00861910 773296.10647485
576.14701399 5027203.88202539 0.00596061 773296.11201401
587.73794118 5027203.87990750 0.00400607 773296.11608643
600.00000000 5027203.87841772 0.00263120 773296.11895108
