0.00000000 5800000.00000000 500.00000000 0.00000000
0.10000000 5799991.02343264 505.38593764 3.59062972
0.30000000 5799972.77921640 516.33244461 10.88833899
0.70000000 5799935.09691920 538.94170322 25.96137757
1.50000000 5799854.71082204 587.17277887 58.11639909
2.57863107 5799734.82414391 659.10308881 106.07276728
3.76200329 5799586.33945989 748.19042327 165.47011684
5.03247873 5799404.51917708 857.27626542 238.20455750
6.36950740 5799184.48364021 989.28688038 326.22947941
7.75934394 5798919.78289209 1148.09002289 432.12708502
9.19169380 5798602.47313391 1338.44876121 559.07810488
10.65865971 5798222.91651005 1566.14117430 710.94231565
12.15405012 5797769.51448327 1838.11971208 892.36580465
13.67294147 5797228.36488149 2162.71609151 1108.91902700
15.21138123 5796582.83967461 2549.89338242 1367.26694297
16.76617778 5795813.07291047 3011.55146761 1675.37562192
18.33474703 5794895.34377043 3561.89467531 2042.76155426
19.91499779 5793801.33529479 4217.87293221 2480.79177300
21.50524466 5792497.24451397 4999.71053564 3003.04495038
23.10414139 5790942.71407241 5931.53983520 3625.74609239
24.71062973 5789089.54857167 7042.16094579 4368.29048254
26.32390063 5786880.17035951 8365.95330428 5253.87633620
27.94336544 5784245.75881361 9943.97069684 6310.27048955
29.56863566 5781104.00359326 11825.25867034 7570.73773640
31.19951015 5777356.38487059 14068.44246934 9075.17266007
32.83596946 5772884.87081132 16743.64545619 10871.48373249
34.47817696 5767547.89255792 19934.81329263 13017.29414945
36.12648718 5761175.41675635 23742.53930304 15582.04394061
37.78146209 5753562.88091022 28287.51334145 18649.60574832
39.44389658 5744463.68092300 33714.75306112 22321.56601587
40.00000000 5741049.63306431 35749.56935238 23700.79758331
40.00000000 5741049.63306431 35749.56935238 23700.79758331
40.10000000 5740542.36536037 36000.58751486 23957.04712476
40.30000000 5739517.25794063 36507.78620892 24474.95585045
40.70000000 5737424.09470206 37543.14610553 25532.75919241
41.50000000 5733060.57064395 39700.27335512 27739.15600092
43.10000000 5723579.50610778 44381.48501266 32539.00887955
46.17668407 5702161.12851103 54927.33027354 43411.54121542
49.19774480 5676314.74842968 67598.90007758 56586.35149273
50.00000000 5668526.30829520 71405.53388700 60568.15781779
50.00000000 5668526.30829520 71405.53388700 60568.15781779
50.10000000 5667777.39513183 71643.55784963 61079.04701854
50.30000000 5666272.37309136 72121.68858298 62105.93832565
50.70000000 5663233.36978894 73086.31841883 64180.31179222
51.50000000 5657038.10967283 75049.34643392 68412.54389325
53.10000000 5644167.15705039 79112.79511034 77220.04783927
55.00000000 5628020.21998182 84182.04797338 88297.73204480
55.00000000 5628020.21998182 84182.04797338 88297.73204480
55.10000000 5627319.68747367 84280.92701661 88899.38550972
55.30000000 5625916.41715057 84478.77106047 90104.81178895
55.70000000 5623101.05701216 84874.79558709 92524.14740074
56.50000000 5617435.07483751 85668.13067285 97396.79448964
58.10000000 5605962.22690577 87259.45767813 107278.31541609
60.00000000 5592094.82819464 89155.88778814 119249.28401722
60.00000000 5592094.82819464 89155.88778814 119249.28401722
60.10000000 5591480.94034750 89133.02946560 119886.03018689
60.30000000 5590253.83998562 89087.12840734 121159.03160704
60.70000000 5587802.35075478 88994.59074760 123703.05849762
61.50000000 5582910.29900132 88806.59024770 128783.11075097
63.10000000 5573170.53904318 88419.02629527 138910.43466155
65.00000000 5561683.02182167 87939.14346811 150877.83471021
65.00000000 5561683.02182167 87939.14346811 150877.83471021
65.10000000 5561201.58151734 87792.96920427 151505.44927838
65.30000000 5560241.22543051 87501.22486354 152757.54970595
65.70000000 5558330.57459621 86920.14943404 155249.27596975
66.50000000 5554549.22551626 85767.62315841 160183.15132533
68.10000000 5547144.01506537 83500.83447043 169855.15046420
70.00000000 5538616.96485185 80874.63569144 181008.39945670
70.00000000 5538616.96485185 80874.63569144 181008.39945670
70.10000000 5538258.89416727 80655.81225818 181585.29357454
70.30000000 5537545.72591702 80219.87118714 182734.40289583
70.70000000 5536131.20630880 79354.77447294 185014.01921826
71.50000000 5533348.83596462 77651.42280711 189499.74122826
73.10000000 5527966.07527349 74349.72023465 198184.20449186
76.30000000 5517892.37000444 68147.91873611 214459.71125945
80.00000000 5507308.87993566 61600.23398590 231590.88607844
80.00000000 5507308.87993566 61600.23398590 231590.88607844
80.10000000 5507058.59199646 61411.19572947 232030.21227407
80.30000000 5506560.35198266 61034.82401733 232904.82400001
80.70000000 5505573.14802421 60288.85399566 234637.99798013
81.50000000 5503635.31143947 58823.64474262 238041.04381790
83.10000000 5499901.75693403 55997.30345334 244600.93961262
86.30000000 5492971.28299731 50739.04565007 256789.67135261
92.09106669 5482061.07039640 42430.10334277 276008.82626082
97.99328508 5472796.93139213 35344.71682297 292358.35178488
103.84572520 5465152.39020246 29477.17425874 305870.43553879
109.68330620 5458800.77357326 24587.62812589 317111.59830084
115.50391305 5453523.07369839 20514.84130114 326462.08500046
120.00000000 5450055.79211738 17834.22285194 332609.98503068
120.00000000 5450055.79211738 17834.22285194 332609.98503068
120.10000000 5449936.11785771 17826.53725449 332737.34488779
120.30000000 5449696.93195483 17811.16812225 332991.89992291
120.70000000 5449219.21038824 17780.43819663 333500.35141512
121.50000000 5448266.36638215 17719.01240434 334514.62121350
123.10000000 5446371.05998770 17596.30263754 336532.63737476
126.30000000 5442621.85053863 17351.49430322 340526.65515814
132.70000000 5435287.99792549 16864.66220881 348347.33986570
145.50000000 5421269.25413210 15904.66876484 363326.07710305
150.00000000 5416542.92387727 15572.28112246 368384.79500026
150.00000000 5416542.92387727 15572.28112246 368384.79500026
150.10000000 5416439.07263847 15564.92804369 368495.99931783
150.30000000 5416231.52324982 15550.22633670 368718.25041348
150.70000000 5415817.03647072 15520.84078515 369162.12274412
151.50000000 5414990.50803462 15462.14161122 370047.35035416
153.10000000 5413347.20852337 15345.03477241 371807.75670422
156.30000000 5410099.45140948 15112.01678428 375288.53180623
162.70000000 5403757.76608596 14650.98992968 382091.24398435
175.50000000 5391676.84264289 13750.61382197 395072.54353512
180.00000000 5387615.98254916 13441.43034423 399442.58710661
180.00000000 5387615.98254916 13441.43034423 399442.58710661
180.10000000 5387517.87360383 13443.52160316 399538.60479300
180.30000000 5387321.61531291 13447.69973470 399730.68495238
180.70000000 5386928.93745147 13456.03842375 400115.02412477
181.50000000 5386142.93918781 13472.64527594 400884.41553624
183.10000000 5384568.39320894 13505.57504621 402426.03174484
186.30000000 5381409.27058276 13570.28432189 405520.44509535
192.70000000 5375052.26244336 13694.98753665 411752.75001998
205.50000000 5362194.42135663 13924.65237505 424380.92626832
210.00000000 5357632.41382139 13998.85924495 428868.72693365
210.00000000 5357632.41382139 13998.85924495 428868.72693365
210.10000000 5357521.53348537 14009.70898379 428968.75753083
210.30000000 5357299.52187822 14031.42679306 429169.05132871
210.70000000 5356854.49371747 14074.93572202 429570.57056051
211.50000000 5355960.40797303 14162.24668669 430377.34534027
213.10000000 5354156.04187093 14338.03985027 432005.91827880
216.30000000 5350481.91885471 14694.29971080 435323.78143448
222.70000000 5342867.26545487 15425.39143403 442207.34311109
235.50000000 5326534.67277713 16960.35501979 457004.97220307
240.00000000 5320431.14676714 17522.32497588 462546.52825698
240.00000000 5320431.14676714 17522.32497588 462546.52825698
240.10000000 5320281.79223845 17546.43395420 462671.77380735
240.30000000 5319982.47911812 17594.73883550 462922.78204637
240.70000000 5319381.43019169 17691.69692939 463426.87287891
241.50000000 5318169.59000560 17887.01148611 464443.39850828
243.10000000 5315706.52570916 18283.27414432 466510.20014651
246.30000000 5310619.51559677 19098.64927843 470781.83512479
252.70000000 5299774.76641980 20823.23173633 479902.00184385
265.50000000 5275178.86806644 24665.23408132 500655.89785223
270.00000000 5265534.68125493 26145.28244157 508820.03630350
270.00000000 5265534.68125493 26145.28244157 508820.03630350
270.10000000 5265297.09660213 26195.93422965 509006.96916821
270.30000000 5264820.57813206 26297.50001453 509381.92185341
270.70000000 5263862.12402383 26501.68341830 510136.19255786
271.50000000 5261923.38245871 26914.28150898 511662.33603230
273.10000000 5257957.23911090 27756.59357626 514786.16731283
276.30000000 5249659.55049832 29511.19132983 521329.25817184
282.70000000 5231514.28768582 33312.00992841 535673.70238576
295.50000000 5188289.43662463 42164.73456822 570045.82880714
300.00000000 5170643.22768620 45696.40182159 584160.37049220
300.00000000 5170643.22768620 45696.40182159 584160.37049220
300.10000000 5170206.24264476 45806.59059752 584487.16675771
300.30000000 5169329.22123061 46027.65421007 585143.12455930
300.70000000 5167562.91927903 46472.53365805 586464.54706291
301.50000000 5163980.84736590 47373.36471658 589145.78791751
303.10000000 5156615.36227308 49219.81196530 594664.82576161
306.30000000 5141051.03404950 53095.64443873 606353.32151176
312.70000000 5106362.42227734 61605.97983433 632531.59788832
323.42302119 5036377.84523590 78229.96470469 685892.19005939
330.00000000 4985255.08932215 89902.78833926 725342.12233858
330.00000000 4985255.08932215 89902.78833926 725342.12233858
330.10000000 4984370.85369945 90144.00000921 725985.14629133
330.30000000 4982595.73632491 90627.89191557 727276.37175951
330.70000000 4979018.81732825 91601.55180191 729879.63086983
331.50000000 4971757.44949756 93572.38503456 735170.16546787
333.10000000 4956798.33857528 97608.09092526 746093.57049945
336.30000000 4925086.18555893 106054.04425969 769359.77018137
342.70000000 4854132.34982703 124404.05175663 821963.59841634
354.25798478 4698901.65506615 161816.52848527 939781.81644858
360.00000000 4608465.60655886 181804.94483414 1010229.44860699
360.00000000 4608465.60655886 181804.94483414 1010229.44860699
360.10000000 4606709.64068609 182260.67662536 1011529.68268854
360.30000000 4603186.52862914 183173.54645241 1014139.92491844
360.70000000 4596095.59263502 185004.80900052 1019399.59836445
361.50000000 4581734.99113246 188688.58815396 1030076.42071357
363.10000000 4552300.51837717 196134.12889856 1052065.35272426
366.30000000 4490603.39254982 211275.55876755 1098621.04868262
372.70000000 4356294.62127027 241985.27656095 1202220.10216877
383.95403317 4089577.06297879 293146.60817215 1417776.32884905
390.00000000 3934662.29265312 316310.96633346 1549526.74101341
390.00000000 3934662.29265312 316310.96633346 1549526.74101341
390.10000000 3931902.17013572 316809.94206470 1551787.88779958
390.30000000 3926374.72853070 317804.41840552 1556320.85306377
390.70000000 3915291.56190102 319779.20213188 1565429.23596708
391.50000000 3893016.16479535 323669.95642127 1583813.87878337
393.10000000 3848062.38233517 331199.31430025 1621238.30336458
396.30000000 3756818.89607308 345118.54338496 1698562.56054196
402.70000000 3571304.90840002 367454.33001687 1861740.76158310
411.60428595 3315097.85881315 383786.59903356 2101615.54215328
420.00000000 3086256.35329243 382147.96203078 2332095.68467678
420.00000000 3086256.35329243 382147.96203078 2332095.68467678
420.10000000 3083497.78607586 382176.79649987 2334825.41742427
420.30000000 3077987.46779843 382227.07539551 2340285.45680605
420.70000000 3066994.54322924 382298.11787549 2351207.33889526
421.50000000 3045123.05843578 382322.55243664 2373054.38912758
423.10000000 3001864.65775355 381904.92172774 2416730.42051871
426.30000000 2917486.20003730 379248.90589921 2503764.89406348
432.70000000 2758605.14257843 367191.18498076 2674703.67244081
443.87469073 2517588.60334399 329125.01134439 2953786.38531161
450.00000000 2406118.43602865 302351.57428378 3092029.98968756
450.00000000 2406118.43602865 302351.57428378 3092029.98968756
450.10000000 2404328.33659242 301983.33423510 3094188.32917246
450.30000000 2400758.67753403 301244.22088488 3098497.10158108
450.70000000 2393661.49841123 299755.65502315 3107082.84656561
451.50000000 2379635.49905900 296738.71101256 3124125.78992843
453.10000000 2352254.81929650 290557.81085548 3157687.36984801
456.30000000 2300153.79059827 277703.53894501 3222642.67045671
462.70000000 2206284.75231600 250741.19923115 3343474.04845285
471.76439435 2095234.91844981 212022.53453577 3493242.54701441
480.00000000 2013942.75622908 178557.90420688 3607999.33956403
480.00000000 2013942.75622908 178557.90420688 3607999.33956403
480.10000000 2013013.85585048 178212.62426936 3609273.51988015
480.30000000 2011162.72477260 177522.78926531 3611814.48596208
480.70000000 2007487.03103823 176146.08009017 3616866.88887159
481.50000000 2000241.03343451 173404.98437266 3626853.98219282
483.10000000 1986163.50951384 167975.73643530 3646360.75405086
486.30000000 1959609.52870544 157355.41830686 3683535.05298770
492.70000000 1912454.17452264 137236.55073844 3750809.27473892
505.50000000 1838496.94994862 102267.11569758 3859735.93435380
510.00000000 1817875.15156982 91734.50993410 3890890.33849608
510.00000000 1817875.15156982 91734.50993410 3890890.33849608
510.10000000 1817423.89036345 91531.25076822 3891544.85886833
510.30000000 1816524.70090075 91125.74898914 3892849.55011010
510.70000000 1814739.58562581 90318.81201708 3895441.60235710
511.50000000 1811221.86751128 88721.20436243 3900556.92812628
513.10000000 1804392.19262672 85591.00652302 3910516.80085025
516.30000000 1791522.37574255 79589.59525766 3929388.02899979
522.70000000 1768685.72761361 68604.32465230 3963209.94773408
531.33699838 1743199.44131155 55824.95238941 4001475.60629903
540.00000000 1722731.54828729 45154.63890273 4032613.81280997
540.00000000 1722731.54828729 45154.63890273 4032613.81280997
540.10000000 1722511.47230655 45052.54648505 4032935.98120840
540.30000000 1722072.89616756 44848.96990021 4033578.13393223
540.70000000 1721202.01414632 44444.24229109 4034853.74356258
541.50000000 1719485.06877110 43644.42947671 4037370.50175218
543.10000000 1716148.38411724 42082.89025514 4042268.72562761
546.30000000 1709847.76898155 39108.23190179 4051543.99911665
552.70000000 1698616.42431623 33720.58203648 4068162.99364728
561.10388020 1686285.49713024 27678.43949739 4086536.06337236
569.69015184 1676048.50277029 22559.96391203 4101891.53331767
570.00000000 1675717.91106094 22393.10684397 4102388.98209508
570.00000000 1675717.91106094 22393.10684397 4102388.98209508
570.10000000 1675607.12614528 22344.11602318 4102548.75783153
570.30000000 1675386.30483965 22246.43387581 4102867.26128453
570.70000000 1674947.64117454 22052.26279639 4103500.09602906
571.50000000 1674082.10928185 21668.65551957 4104749.23519857
573.10000000 1672397.27882297 20920.07851899 4107182.64265803
576.30000000 1669205.18895393 19495.09044149 4111799.72060457
582.70000000 1663475.85414969 16915.25559069 4120108.89025961
591.40191181 1656911.41512055 13924.13349310 4129664.45138634
600.00000000 1651589.39372634 11471.29635926 4137439.30991439
