0.00000000 5800000.00000000 500.00000000 0.00000000
0.10000000 5799991.02343264 505.38593764 3.59062972
0.30000000 5799972.77921640 516.33244461 10.88833899
0.70000000 5799935.09691920 538.94170322 25.96137757
1.50000000 5799854.71082204 587.17277887 58.11639909
2.52532494 5799741.07995090 655.34971768 103.57033142
3.65006078 5799601.20522145 739.27138283 159.52339571
4.85541321 5799431.36710444 841.16858684 227.46430873
6.12305616 5799227.44576430 963.51195891 309.04227680
7.44046383 5798984.04295650 1109.53862992 406.41841358
8.79821530 5798694.54237521 1283.21579987 522.24182492
10.18904070 5798350.96819814 1489.32529418 659.70650768
11.60720648 5797943.78965834 1733.58037741 822.62996425
13.04812446 5797461.66809355 2022.77690219 1015.55500426
14.50808608 5796891.14604700 2364.97897777 1243.87497523
15.98407401 5796216.27211499 2769.74284050 1513.98504451
17.47362435 5795418.15197007 3248.38452859 1833.46350134
18.97472313 5794474.41298351 3814.29870941 2211.28830708
20.48572744 5793358.56674638 4483.33780282 2658.09545080
22.00530441 5792039.25023940 5274.26256058 3186.48720002
23.53238398 5790479.32218841 6209.27763140 3811.40018019
25.06612228 5788634.78602138 7314.66848856 4550.54549006
26.60587370 5786453.50452194 8621.55957123 5424.93590683
28.15117008 5783873.66338154 10166.81777268 6459.51884578
29.70170618 5780821.93088915 11994.13073993 7683.93837092
31.25733066 5777211.24828468 14155.29615041 9133.45556492
32.81804232 5772938.16889485 16711.76664226 10850.06446289
34.38399160 5767879.64272425 19736.50601349 12883.85126226
35.95548742 5761889.11476111 23316.22654303 15294.65869586
37.53301012 5754791.76703744 27554.09609641 18154.13686615
39.11723124 5746378.68221590 32573.02893467 21548.28884943
40.70904173 5736399.63367907 38519.70869013 25580.65763080
42.30903829 5724558.54080552 45566.90130192 30374.55789256
43.91728169 5710508.95943455 53915.59020026 36075.45036518
45.53553144 5693824.15351662 63811.96283187 42863.88365151
47.16581782 5673989.90098737 75550.46147032 50959.63754231
48.81064654 5650382.77260087 89484.89211328 60632.33528585
50.47312342 5622242.99006108 106041.84875271 72215.16118621
52.15713647 5588638.45813755 125737.97436236 86123.56750009
53.86761108 5548416.18954834 149202.47867571 102881.33177595
55.61087953 5500134.93914520 177207.18571021 123157.87514459
57.39523504 5441968.69287226 210707.79808590 147823.50904184
59.23179893 5371562.65766924 250902.73896755 178034.60336321
60.00000000 5338613.84848603 269576.99751087 192309.15400310
60.00000000 5338613.84848603 269576.99751087 192309.15400310
60.10000000 5337552.22857933 268716.14342747 194231.62799319
60.30000000 5335439.77862930 267002.04693769 198058.17443301
60.70000000 5331257.70196373 263604.13115565 205638.16688062
61.50000000 5323062.18428773 256928.05608693 220509.75962534
63.10000000 5307324.94340406 244044.18069670 249130.87589923
66.30000000 5278307.52225822 220064.77972125 302127.69802053
71.80560940 5235220.12199658 183918.28521250 381361.59279091
77.25343315 5199849.45936819 153756.52090421 446894.01972761
82.60305855 5170964.37847631 128793.72125901 500741.90026468
87.88575517 5147179.57529450 108012.33628375 545308.08842176
93.11384498 5127512.76092475 90673.12349316 582314.11558209
98.29847708 5111191.73843299 76175.79035525 613132.47121177
103.44789857 5097609.16628258 64035.79694686 638855.03677056
108.56862608 5086279.89998150 53857.31004760 660362.78997089
113.66581973 5076812.77377187 45315.04031178 678372.18591635
118.74362019 5068889.86847489 38140.30221785 693469.82930725
120.00000000 5067133.15478082 36546.28045277 696820.56476641
120.00000000 5067133.15478082 36546.28045277 696820.56476641
120.10000000 5066836.54147546 36581.72232974 697081.73619480
120.30000000 5066242.50420283 36652.65697374 697604.83882344
120.70000000 5065051.18455754 36794.72889110 698654.08655136
121.50000000 5062655.54553975 37079.67570541 700764.77875484
123.10000000 5057812.11871448 37652.71949439 705035.16179113
126.30000000 5047915.54891861 38810.89016677 713773.56091462
132.70000000 5027275.89869699 41171.04216020 732053.05914281
145.50000000 4982572.84245788 46024.19943458 771902.95810754
168.34504653 4891531.99886369 54790.50048243 854177.50065388
191.20947094 4787093.20065876 62939.63344024 950467.16590100
214.88945434 4667946.08879607 69637.17855014 1062916.73265379
235.74767559 4557586.09217443 73250.19666841 1169663.71115716
257.28635651 4442785.37683653 74229.92769328 1283484.69547019
277.74964041 4336979.06276517 72497.64168544 1391023.29554939
299.18258506 4233252.48242973 68221.83647089 1499025.68109939
323.58991185 4127382.76638303 61093.66402299 1612023.56959398
343.83435965 4050963.28610125 54132.37990054 1695404.33399821
363.62692864 3986546.37892850 47033.43893673 1766920.18213477
383.80514949 3930952.27802404 39971.56629015 1829576.15568581
404.12441496 3884402.30049878 33373.09939782 1882724.60010340
427.34673702 3841381.65210312 26705.51915074 1932412.82874615
444.44028189 3815677.15792750 22455.42552242 1962367.41655008
461.07562567 3794788.95572803 18852.68321026 1986858.36106171
476.76356611 3778291.69600856 15911.80971307 2006296.49427837
491.77018750 3765001.49745224 13480.81278252 2022017.68976523
506.96425069 3753666.66124909 11363.57343111 2035469.76531979
521.47132215 3744545.61563201 9630.32086358 2046324.06350441
535.60364904 3737023.65999823 8181.02876256 2055295.31123920
549.43001191 3730777.60613335 6963.83740173 2062758.55646492
563.02029822 3725555.94026266 5936.67687660 2069007.38286074
576.42175273 3721169.50676925 5067.04334991 2074263.44988084
589.67056082 3717470.62232900 4328.90266810 2078700.47500290
600.00000000 3714967.58381452 3826.89688447 2081705.51930102
