0 1.02944220290346 1
0.216661562316537 0.992380545461248 0.976620555710087
0.433323124633075 0.916504515591516 0.907575419670957
0.649984686949612 0.801896808895685 0.796093065705644
0.86664624926615 0.651330902019482 0.647386284781828
1.08330781158269 0.470259316491125 0.46840844069979
1.29996937389922 0.266531802691902 0.267528338529221
1.51663093621576 0.0498621540673242 0.0541389085854176
1.7332924985323 -0.168901899337299 -0.161781996552765
1.94995406084884 -0.378622049094256 -0.370138155339914
2.16661562316537 -0.568725011675478 -0.561187065362382
2.38327718548191 -0.729967460286708 -0.725995491923131
2.59993874779845 -0.855021884191124 -0.856857176167589
2.81660031011499 -0.938824092010133 -0.947653171182802
3.03326187243152 -0.978662369672726 -0.99413795715436
3.24992343474806 -0.974031385481862 -0.99413795715436
3.4665849970646 -0.926313381424347 -0.947653171182802
3.68324655938114 -0.838377630317844 -0.856857176167589
3.89990812169767 -0.714200392577774 -0.725995491923131
4.11656968401421 -0.558597812134941 -0.561187065362382
4.33323124633075 -0.377132846229254 -0.370138155339914
4.54989280864729 -0.176208098731686 -0.161781996552765
4.76655437096382 0.0367025167206937 0.0541389085854167
4.98321593328036 0.252786895487153 0.26752833852922
5.1998774955969 0.461736003459898 0.46840844069979
5.41653905791344 0.651845913967285 0.647386284781828
5.63320062022997 0.810502889988459 0.796093065705644
5.84986218254651 0.925102967048011 0.907575419670957
6.06652374486305 0.984356212966817 0.976620555710087
6.28318530717959 0.97981469745975 1
